67 0.431250 0.558428 0.790969 0.802261
67 0.769844 0.425671 0.432219 0.317562
67 0.928031 0.385292 0.143937 0.264576
3 0.331531 0.157535 0.150656 0.284399
3 0.256117 0.274214 0.031016 0.058463
3 0.059336 0.290945 0.019266 0.071007
3 0.144094 0.278083 0.030750 0.044435
3 0.173328 0.271599 0.023906 0.050159
2 0.092867 0.318127 0.047141 0.054806
3 0.958742 0.298322 0.022828 0.021661
3 0.194008 0.281899 0.021078 0.030230
3 0.110039 0.290168 0.012109 0.052279
3 0.237320 0.285018 0.013328 0.032191
3 0.119133 0.297235 0.009578 0.064258
3 0.270891 0.285362 0.016844 0.043375
67 0.029641 0.315345 0.058250 0.068004
3 0.102695 0.285981 0.010391 0.030336
3 0.214867 0.272323 0.043953 0.056095
3 0.336719 0.309187 0.664062 0.088339