18 0.251641 0.737049 0.080563 0.119766
3 0.784227 0.513009 0.295359 0.669672
3 0.958797 0.462916 0.070469 0.260679
3 0.399344 0.490773 0.062031 0.248197
3 0.233125 0.476979 0.092281 0.127822
3 0.200992 0.491370 0.070359 0.266674
3 0.147867 0.522881 0.058859 0.230867
3 0.061320 0.519438 0.058047 0.214520
3 0.816398 0.427904 0.066172 0.173841
3 0.856547 0.471429 0.033750 0.144356
3 0.347836 0.728080 0.299859 0.404496
3 0.355172 0.516077 0.021000 0.103724
3 0.009203 0.529485 0.018406 0.123326
3 0.910781 0.519660 0.012469 0.030515
3 0.460156 0.539813 0.917188 0.081967