25 0.113759 0.346453 0.118009 0.109062
3 0.422705 0.129961 0.609625 0.256172
44 0.657728 0.335469 0.109227 0.096375
53 0.687283 0.704242 0.250726 0.042672
53 0.493150 0.220937 0.078244 0.121500
45 0.622611 0.681188 0.054356 0.182313
28 0.936265 0.417484 0.127002 0.113187
44 0.761920 0.621656 0.161265 0.113469
44 0.912752 0.560781 0.148548 0.092844
44 0.346932 0.366891 0.143747 0.096594
41 0.663536 0.669664 0.040422 0.215734
41 0.302951 0.310320 0.242951 0.023516
3 0.506850 0.937078 0.625035 0.125844
9 0.500000 0.510055 1.000000 0.605984