2 0.746359 0.106781 0.076156 0.175771
2 0.668078 0.108104 0.065875 0.173417
2 0.241250 0.263062 0.338125 0.265208
2 0.961938 0.086708 0.076125 0.059042
2 0.796180 0.050833 0.021672 0.044333
9 0.500000 0.684417 1.000000 0.609000
3 0.204156 0.248823 0.367406 0.415729
3 0.843750 0.492115 0.312500 0.763521
43 0.701117 0.660677 0.161797 0.382021
43 0.201398 0.525469 0.139891 0.242688
53 0.407820 0.651177 0.067609 0.216354
45 0.315437 0.475646 0.034031 0.088750
3 0.062828 0.132104 0.125656 0.264208
44 0.199141 0.512760 0.140313 0.212604
44 0.700281 0.664802 0.163469 0.382021
54 0.594562 0.549438 0.058906 0.128333
54 0.096102 0.601146 0.047422 0.030333
3 0.856164 0.061448 0.114891 0.122896
43 0.423758 0.372833 0.092422 0.186542
44 0.423711 0.373333 0.091891 0.193375
54 0.016008 0.622438 0.032016 0.070917
54 0.581289 0.468052 0.006797 0.031771
54 0.006438 0.668125 0.012750 0.014417
2 0.971594 0.568406 0.056813 0.221438
9 0.867484 0.101427 0.108937 0.035646