3 0.399562 0.662916 0.184406 0.647190
3 0.801375 0.679778 0.148438 0.613466
3 0.728383 0.520504 0.059703 0.268454
3 0.939297 0.563665 0.121406 0.849438
3 0.168664 0.649871 0.103453 0.465176
3 0.242617 0.621101 0.073641 0.374941
3 0.086336 0.669906 0.075828 0.397002
25 0.622094 0.543407 0.014969 0.022412
25 0.483070 0.558876 0.028078 0.025948
28 0.610633 0.648864 0.045922 0.036042
21 0.344148 0.694883 0.090453 0.508642
3 0.039734 0.686511 0.076469 0.478642
3 0.303430 0.596323 0.053016 0.286417
3 0.753836 0.473864 0.018453 0.032365
3 0.764898 0.481230 0.033203 0.069063
44 0.451430 0.567272 0.020453 0.060023
6 0.583055 0.533770 0.040922 0.051288
3 0.587547 0.500000 0.147250 0.263513
21 0.278195 0.602822 0.022266 0.069438
44 0.629609 0.619836 0.035531 0.033021
9 0.654891 0.835094 0.342938 0.329813
3 0.634594 0.468208 0.046406 0.102974
45 0.530883 0.624977 0.011297 0.022927
44 0.536953 0.652061 0.026281 0.030539
45 0.649953 0.600726 0.012906 0.022998