0 0.302386 0.552717 0.022443 0.075261
2 0.162642 0.967391 0.174716 0.063043
2 0.401989 0.879652 0.142045 0.110870
9 0.521960 0.880000 0.591932 0.211739
5 0.927983 0.655043 0.140966 0.658435
46 0.680597 0.838630 0.107500 0.121348
17 0.476023 0.694000 0.170966 0.308783
49 0.796207 0.592283 0.079176 0.015087
61 0.637500 0.838630 0.049034 0.069435
61 0.681662 0.908370 0.047415 0.069261
61 0.671634 0.798870 0.033324 0.047739
61 0.604219 0.859174 0.042585 0.092174
2 0.760327 0.883130 0.145937 0.197391
61 0.639091 0.901326 0.040170 0.058652