66 0.477813 0.420199 0.146906 0.210094
1 0.080477 0.355328 0.160953 0.220632
1 0.346656 0.503501 0.126562 0.150515
34 0.871375 0.844824 0.224312 0.198267
55 0.632109 0.550422 0.476781 0.521452
48 0.842773 0.523946 0.021141 0.072436
48 0.623922 0.871628 0.047781 0.137447
6 0.414273 0.235422 0.008141 0.035714
6 0.412562 0.280316 0.005562 0.032670
6 0.415156 0.323841 0.004906 0.031850
6 0.417820 0.364941 0.009734 0.034426
6 0.423695 0.321581 0.004672 0.029016
6 0.382531 0.312190 0.032094 0.024286
6 0.419352 0.279918 0.008172 0.035480
6 0.407789 0.281803 0.005078 0.033302
6 0.433750 0.233314 0.007281 0.034215
6 0.411594 0.324813 0.004437 0.032810
6 0.159359 0.549742 0.043031 0.028150
56 0.910039 0.588677 0.032797 0.015948