2 0.526445 0.745448 0.083172 0.144396
2 0.974609 0.869646 0.050781 0.227958
9 0.662164 0.829948 0.577703 0.310812
28 0.643867 0.888281 0.186609 0.158521
46 0.621875 0.881104 0.100188 0.045833
49 0.247266 0.602802 0.293750 0.110479
57 0.647594 0.384302 0.016156 0.042146
57 0.671039 0.377542 0.020047 0.029083
41 0.252000 0.316656 0.062875 0.018354
41 0.255305 0.340000 0.044516 0.014375
41 0.256234 0.370188 0.047438 0.016167
41 0.256492 0.396667 0.030391 0.005167
2 0.648641 0.588656 0.137313 0.285729
2 0.803219 0.679052 0.210562 0.059937
17 0.798320 0.431500 0.169266 0.246208
17 0.791289 0.631458 0.163484 0.089875
7 0.101180 0.044740 0.077766 0.085938
41 0.258617 0.385990 0.034578 0.004562
41 0.257961 0.406260 0.029797 0.004687
41 0.256937 0.412250 0.033406 0.007417
41 0.258195 0.432250 0.027516 0.005917
41 0.220453 0.473323 0.008125 0.079937
41 0.593500 0.588927 0.006875 0.091687
41 0.606742 0.585552 0.011234 0.062604
41 0.633898 0.579083 0.012234 0.082417
28 0.265133 0.527021 0.025609 0.026667
28 0.483523 0.487344 0.029234 0.028896