77 0.911023 0.710750 0.177891 0.211542
14 0.500000 0.619104 1.000000 0.739333
3 0.926906 0.169594 0.092063 0.170062
3 0.817328 0.123135 0.101875 0.138687
3 0.067570 0.173427 0.077703 0.200437
3 0.366531 0.148740 0.057219 0.114437
3 0.573664 0.158760 0.076391 0.079771
3 0.645008 0.138760 0.028391 0.060937
3 0.020437 0.200302 0.040750 0.136479
3 0.475945 0.679406 0.144828 0.265521
3 0.958109 0.101802 0.082312 0.151479
77 0.921633 0.688948 0.156734 0.193646
77 0.761289 0.554563 0.073234 0.095750
77 0.504469 0.340198 0.018313 0.087771
77 0.212625 0.306938 0.068875 0.112833
77 0.880453 0.720344 0.239094 0.304604
77 0.592688 0.391885 0.100312 0.131312
77 0.472336 0.355917 0.046203 0.093208
77 0.814492 0.260250 0.054266 0.310917
64 0.880023 0.025958 0.238266 0.050875