2 0.484680 0.371671 0.047422 0.083528
2 0.292625 0.373435 0.039625 0.083598
9 0.453094 0.584428 0.470375 0.364042
3 0.301016 0.247360 0.091531 0.252710
3 0.391375 0.273154 0.153125 0.278224
3 0.573250 0.290304 0.167187 0.308084
3 0.695047 0.359171 0.151781 0.386519
3 0.684063 0.620210 0.435094 0.759579
3 0.924398 0.144381 0.086266 0.154182
44 0.521875 0.625467 0.035469 0.078785
44 0.616758 0.341343 0.024547 0.056893
45 0.532633 0.676449 0.076641 0.036308
45 0.623711 0.608797 0.037828 0.063528
28 0.477117 0.667126 0.057234 0.069860
28 0.647008 0.540362 0.049484 0.049322
28 0.268156 0.645935 0.059719 0.041449
22 0.874055 0.758855 0.184578 0.482290
3 0.086242 0.298061 0.124359 0.373271
21 0.114164 0.781577 0.224516 0.297921
21 0.916766 0.760841 0.103531 0.478318
21 0.905203 0.490502 0.078469 0.090584
44 0.414945 0.620643 0.027984 0.086285
44 0.222328 0.620958 0.034969 0.081449
44 0.552758 0.521565 0.027016 0.067103
45 0.605922 0.482850 0.052125 0.020748
28 0.524414 0.442044 0.036391 0.035023
9 0.429742 0.234322 0.037422 0.062804
3 0.946336 0.341577 0.107328 0.314603
3 0.879031 0.501752 0.157781 0.577617
21 0.967945 0.663528 0.064109 0.170514
21 0.297008 0.373224 0.026641 0.043458
45 0.345641 0.444065 0.039250 0.019112
28 0.591406 0.639977 0.054062 0.055841
28 0.397680 0.409416 0.034359 0.035888
28 0.444883 0.488727 0.174891 0.099509
3 0.187953 0.291157 0.176656 0.261706
3 0.125125 0.192979 0.054406 0.089509
3 0.170445 0.192570 0.054141 0.089533
45 0.622906 0.562173 0.104156 0.027897
9 0.025188 0.301472 0.050375 0.129860
3 0.245609 0.662956 0.491219 0.674089
45 0.526297 0.490537 0.053094 0.020327
21 0.551820 0.304685 0.024641 0.062967
28 0.321133 0.440222 0.034203 0.038481
28 0.300328 0.462044 0.015625 0.038388
3 0.499219 0.219626 0.998437 0.350467