14 0.385420 0.374324 0.057600 0.060360
14 0.194680 0.352913 0.076600 0.058438
14 0.239360 0.338814 0.024800 0.036787
3 0.260420 0.433303 0.063320 0.275736
3 0.127780 0.471216 0.087200 0.356667
3 0.427120 0.377327 0.034800 0.121742
3 0.474580 0.377583 0.020720 0.109580
21 0.293190 0.404234 0.016420 0.035676
3 0.520690 0.349715 0.013620 0.051141
3 0.452030 0.365360 0.017860 0.073243
3 0.939120 0.395571 0.042760 0.222252
3 0.497110 0.374099 0.024540 0.097928
3 0.461720 0.360646 0.010400 0.067598
21 0.479620 0.360285 0.005720 0.016126
3 0.968270 0.461246 0.063460 0.090961
3 0.481740 0.367387 0.010440 0.046727
3 0.716390 0.643889 0.124660 0.554505