30 0.645422 0.560616 0.445719 0.445193
31 0.723391 0.614360 0.108281 0.036304
6 0.412891 0.235193 0.147375 0.188261
6 0.736227 0.184312 0.034953 0.051087
6 0.768523 0.243901 0.026016 0.138913
6 0.891336 0.232258 0.087547 0.157415
32 0.693398 0.706739 0.130828 0.087633
6 0.785992 0.062029 0.024328 0.118599
6 0.646953 0.248780 0.018656 0.131329
25 0.847031 0.822307 0.161156 0.071618
6 0.817602 0.424239 0.025266 0.150169
6 0.798836 0.240145 0.006609 0.141208
6 0.406312 0.063829 0.003750 0.127657
6 0.700281 0.440773 0.015531 0.123140
6 0.736039 0.061860 0.011797 0.122850
6 0.874344 0.061908 0.010594 0.117536
6 0.850375 0.427923 0.008438 0.142077
6 0.575000 0.352657 0.846875 0.705314