61 0.743403 0.725340 0.140648 0.176235
61 0.840000 0.847855 0.165880 0.209414
61 0.787060 0.777639 0.137639 0.185895
61 0.620382 0.775509 0.102431 0.171019
39 0.478681 0.019059 0.023843 0.028549
39 0.161238 0.416620 0.073079 0.060031
39 0.431493 0.216883 0.075995 0.090926
39 0.322407 0.272330 0.069306 0.088364
39 0.454873 0.032469 0.033125 0.028580
39 0.406100 0.032562 0.040347 0.044877
39 0.287951 0.205077 0.290255 0.239599
39 0.127720 0.310648 0.046644 0.063642
39 0.271343 0.350463 0.105972 0.149877
39 0.616400 0.165772 0.066875 0.063519
39 0.552454 0.167809 0.057083 0.047840
39 0.555509 0.263781 0.074306 0.072253
61 0.708611 0.669136 0.127176 0.157160
61 0.593183 0.872731 0.461690 0.228549
61 0.934317 0.570031 0.114468 0.140185
61 0.878900 0.750648 0.242199 0.472716
61 0.710741 0.294877 0.101250 0.115617
61 0.120914 0.553642 0.103727 0.094691
39 0.432812 0.031281 0.018681 0.033056