1 0.653008 0.366822 0.214422 0.260093
3 0.527805 0.753586 0.215922 0.473107
3 0.832188 0.794054 0.201844 0.411893
3 0.158563 0.722570 0.263656 0.554860
3 0.178164 0.657477 0.173922 0.579393
3 0.054789 0.591542 0.054453 0.163785
56 0.254422 0.522325 0.015031 0.044930
56 0.366547 0.553435 0.033625 0.017991
2 0.029273 0.638376 0.058547 0.205631
56 0.052633 0.677044 0.016609 0.028995
6 0.376062 0.395864 0.022937 0.068598
3 0.600195 0.386028 0.016922 0.033645
55 0.942773 0.838879 0.114453 0.318738
56 0.798547 0.583610 0.023281 0.028995
56 0.817977 0.642699 0.026609 0.026706
56 0.338828 0.547815 0.023094 0.027827
6 0.371992 0.476040 0.038641 0.030444
6 0.382820 0.531963 0.036703 0.022944
6 0.345484 0.463166 0.043031 0.046799
6 0.378937 0.293107 0.008531 0.030280
6 0.374672 0.229346 0.010219 0.050701
6 0.349555 0.232921 0.006234 0.048458
6 0.337109 0.235397 0.012531 0.045935
6 0.391578 0.228248 0.008969 0.057103
6 0.397461 0.227547 0.005359 0.053318
6 0.382805 0.228949 0.012234 0.048925
6 0.353297 0.231390 0.008000 0.045864
44 0.278867 0.511822 0.015891 0.038738
6 0.240523 0.240631 0.011828 0.026075
6 0.317969 0.332944 0.223438 0.287383