2 0.389039 0.722506 0.140172 0.302857
2 0.221852 0.615820 0.137516 0.299742
2 0.734898 0.352763 0.144672 0.373770
2 0.921289 0.780012 0.157422 0.269532
9 0.428203 0.547623 0.285188 0.161382
15 0.370836 0.430632 0.161703 0.137939
15 0.591477 0.519098 0.151422 0.233700
15 0.713562 0.291487 0.170531 0.287002
15 0.926547 0.585398 0.146906 0.334824
15 0.228195 0.507881 0.119578 0.283255
15 0.389820 0.639333 0.161922 0.249438
41 0.306031 0.548607 0.027813 0.008454
15 0.059969 0.247939 0.119938 0.307869
44 0.336984 0.483548 0.019062 0.041897
2 0.596312 0.626124 0.138281 0.197963
2 0.055570 0.448864 0.106359 0.161194
7 0.926805 0.233782 0.019141 0.052342