0 0.112242 0.576958 0.023547 0.038254
0 0.110063 0.470845 0.031094 0.286986
1 0.056672 0.427141 0.113344 0.392479
2 0.328234 0.657211 0.209906 0.386817
55 0.899875 0.782338 0.200250 0.415944
6 0.596227 0.686887 0.007266 0.060254
6 0.588266 0.688225 0.005750 0.057296
6 0.589703 0.605268 0.007156 0.078085
6 0.561430 0.682338 0.010891 0.068789
6 0.570281 0.606690 0.008031 0.077493
6 0.564437 0.609817 0.004562 0.070901
6 0.583570 0.605592 0.006578 0.080761
6 0.559180 0.602718 0.080328 0.088535
6 0.489156 0.607423 0.006969 0.076930
6 0.478922 0.609521 0.005437 0.074028
6 0.567953 0.685563 0.004938 0.064930
6 0.580547 0.681944 0.004000 0.067944
6 0.572352 0.522789 0.006047 0.065408
6 0.510938 0.598592 0.175000 0.245070