58 0.273900 0.887552 0.366640 0.206030
67 0.407110 0.892627 0.255380 0.197313
67 0.528380 0.790104 0.191720 0.260925
67 0.599050 0.764746 0.121500 0.144239
67 0.394470 0.633209 0.021260 0.049701
3 0.775950 0.801776 0.104020 0.373821
58 0.462390 0.813985 0.098420 0.065821
3 0.017510 0.653224 0.035020 0.186448
3 0.619690 0.676119 0.022260 0.058328
3 0.570860 0.657433 0.017320 0.065493
3 0.519050 0.658537 0.025860 0.086090
3 0.496150 0.656388 0.021900 0.077433
22 0.816100 0.770254 0.035320 0.126896
3 0.744530 0.671060 0.028180 0.059791
3 0.665420 0.692045 0.021600 0.111015
3 0.318000 0.611403 0.014280 0.071582
3 0.379200 0.621881 0.024480 0.069851
3 0.679820 0.700149 0.022120 0.060776
3 0.595520 0.660522 0.015160 0.067910
3 0.712260 0.724955 0.037920 0.219463
3 0.412000 0.653731 0.572000 0.167164