9 0.500000 0.528720 1.000000 0.942560
53 0.961410 0.653467 0.073820 0.662187
41 0.075860 0.717027 0.149360 0.565947
61 0.668130 0.478413 0.184860 0.267600
51 0.585000 0.663987 0.372360 0.454107
54 0.706860 0.571840 0.139080 0.169013
54 0.406340 0.751053 0.105240 0.205627
54 0.460270 0.562160 0.036420 0.185707
54 0.398890 0.863293 0.047140 0.154267
54 0.516980 0.543573 0.090040 0.091627
51 0.331970 0.758347 0.051940 0.174720
54 0.386610 0.670813 0.070380 0.076880
54 0.438510 0.618067 0.036460 0.089040
54 0.360030 0.732667 0.022900 0.123253
54 0.418280 0.601347 0.051760 0.113893