51 0.456250 0.297647 0.218750 0.322353
51 0.386594 0.703282 0.208875 0.208918
51 0.802797 0.785447 0.124719 0.190141
51 0.383992 0.460647 0.186047 0.288776
41 0.670867 0.307871 0.658266 0.566282
51 0.176227 0.334176 0.080141 0.143318
51 0.590656 0.359129 0.095594 0.179953
51 0.791867 0.206553 0.057859 0.089059
51 0.408141 0.871906 0.085062 0.134824
51 0.279141 0.273094 0.090781 0.147694
53 0.280109 0.657565 0.270000 0.684871
28 0.499336 0.500000 0.998672 1.000000
54 0.558031 0.541353 0.028969 0.052776