48 0.389280 0.887987 0.025720 0.121787
7 0.641510 0.573840 0.014500 0.020640
55 0.374390 0.861400 0.665100 0.277200
3 0.243270 0.602573 0.415580 0.770053
3 0.750280 0.514760 0.499440 0.939333
3 0.745780 0.657667 0.174000 0.653147
56 0.748590 0.510360 0.025260 0.036453
56 0.349310 0.513787 0.031860 0.112640
56 0.551810 0.810267 0.058300 0.208053
6 0.658640 0.459707 0.050640 0.062987
6 0.590730 0.537080 0.065740 0.130320
3 0.466980 0.845107 0.200440 0.309787
56 0.192090 0.561813 0.052100 0.045333
6 0.633650 0.704467 0.017260 0.048613
6 0.597950 0.440947 0.022420 0.058107
6 0.651790 0.520173 0.050420 0.056453
6 0.597950 0.381520 0.011020 0.043147
6 0.630030 0.390760 0.018100 0.052293
6 0.623240 0.638667 0.018200 0.050240
6 0.570880 0.625853 0.016920 0.051653
6 0.615710 0.700680 0.020140 0.050213
7 0.832990 0.547520 0.032020 0.034293
6 0.687520 0.406227 0.016400 0.045360
6 0.671320 0.403453 0.013240 0.043013
6 0.659440 0.398440 0.013800 0.047173
6 0.638000 0.565333 0.216000 0.426667