9 0.503366 0.512598 0.993268 0.952908
53 0.687377 0.595735 0.329690 0.173333
53 0.727925 0.580564 0.280817 0.178219
42 0.637075 0.777533 0.420229 0.408987
44 0.064461 0.502394 0.128922 0.325147
44 0.281846 0.428374 0.285033 0.618546
2 0.863472 0.185580 0.156258 0.327402
2 0.550204 0.254910 0.162925 0.185703
9 0.944338 0.091430 0.111324 0.051944
3 0.838709 0.083995 0.082484 0.167990
3 0.929208 0.208987 0.137075 0.417974
3 0.245915 0.172794 0.491830 0.345588
9 0.535400 0.087884 0.068971 0.035539
2 0.724894 0.074485 0.080310 0.144820
3 0.463636 0.063636 0.116879 0.116879