48 0.902609 0.554753 0.013156 0.057129
48 0.933812 0.561059 0.010500 0.031576
48 0.686039 0.435200 0.011703 0.032612
48 0.635805 0.269082 0.021703 0.070400
2 0.390453 0.759259 0.153281 0.453200
2 0.503930 0.688188 0.114203 0.312847
2 0.927359 0.602306 0.084875 0.029694
2 0.591953 0.619941 0.076656 0.194659
2 0.873250 0.667765 0.095562 0.074541
2 0.960367 0.701988 0.075484 0.038376
2 0.778359 0.685435 0.150125 0.032894
9 0.764875 0.765918 0.470250 0.166282
3 0.452328 0.461741 0.073344 0.137412
3 0.506477 0.455200 0.053391 0.152471
17 0.355672 0.530682 0.060969 0.025129
2 0.819000 0.601435 0.034750 0.044988
48 0.654703 0.355706 0.011875 0.037953
48 0.396922 0.508894 0.014469 0.033600
2 0.632602 0.878859 0.211984 0.242282
9 0.891352 0.655682 0.214578 0.104447
9 0.909898 0.570929 0.180203 0.091835
28 0.128734 0.376976 0.020344 0.011035
28 0.148938 0.376424 0.020031 0.010682
28 0.104008 0.377000 0.018109 0.015929