1 0.908031 0.767037 0.182500 0.280258
6 0.091406 0.615269 0.013344 0.078080
6 0.144117 0.627108 0.027203 0.144426
6 0.158453 0.633326 0.028844 0.136768
6 0.110766 0.620258 0.220281 0.174005
6 0.087703 0.818126 0.061469 0.139344
55 0.413422 0.647026 0.112187 0.221967
6 0.090227 0.417763 0.023766 0.098571
6 0.177422 0.403864 0.036125 0.094005
6 0.129805 0.420199 0.025047 0.112623
6 0.064125 0.418255 0.014781 0.092998
6 0.108508 0.421194 0.029578 0.111194
6 0.044289 0.428571 0.019609 0.102904
6 0.044852 0.785023 0.037516 0.049485
6 0.158273 0.409403 0.017109 0.082600
6 0.140625 0.633489 0.256250 0.559719