3 0.353583 0.371945 0.308625 0.312359
3 0.654677 0.352805 0.320604 0.408984
3 0.260781 0.797164 0.355479 0.280016
42 0.821865 0.644570 0.291812 0.136578
42 0.533969 0.813391 0.080604 0.062125
42 0.840448 0.848313 0.158812 0.092125
42 0.614250 0.968023 0.166375 0.063953
42 0.576740 0.591227 0.119479 0.036609
42 0.800229 0.563609 0.094958 0.073719
3 0.072604 0.828852 0.142792 0.342297
3 0.956760 0.387516 0.086479 0.192687
41 0.730260 0.565422 0.050729 0.031625
42 0.451979 0.806961 0.090833 0.066422
3 0.244083 0.401336 0.488167 0.525703
3 0.285708 0.891352 0.415750 0.217297
3 0.618427 0.183188 0.129729 0.122094
21 0.215281 0.703125 0.361104 0.257812
42 0.944729 0.958414 0.110542 0.070266
42 0.881646 0.946109 0.211500 0.094656
53 0.612917 0.640484 0.074000 0.021344