43 0.279148 0.767594 0.121828 0.215189
43 0.227172 0.896509 0.192250 0.206981
43 0.221281 0.782241 0.156125 0.143160
43 0.907281 0.722736 0.068687 0.141887
43 0.113547 0.829351 0.211125 0.241061
43 0.966648 0.696285 0.054141 0.068608
43 0.968914 0.789434 0.062078 0.159528
42 0.723070 0.739870 0.553859 0.495495
43 0.347359 0.737594 0.029656 0.143208
43 0.380469 0.774811 0.109344 0.149858
43 0.543766 0.725967 0.034406 0.122075
44 0.279133 0.764965 0.121203 0.210448
44 0.225945 0.900024 0.191234 0.199953
44 0.383563 0.883868 0.126219 0.171368
44 0.906445 0.729729 0.071484 0.142288
44 0.970047 0.761686 0.058813 0.109929
44 0.964586 0.698644 0.053203 0.071392
44 0.535164 0.725979 0.061953 0.111675
44 0.463773 0.815271 0.064422 0.161061
9 0.197031 0.956356 0.394062 0.059741
43 0.513617 0.708031 0.033609 0.081297
43 0.084859 0.828007 0.138937 0.343986