3 0.251914 0.516979 0.067484 0.197583
3 0.309281 0.513948 0.059437 0.218729
3 0.464641 0.524531 0.070312 0.234729
3 0.532523 0.489073 0.081016 0.306021
3 0.745117 0.484604 0.068297 0.337917
3 0.604828 0.673708 0.196906 0.275792
3 0.516594 0.500125 0.038031 0.225542
3 0.570031 0.406396 0.010187 0.030750
22 0.328008 0.466323 0.040266 0.089813
21 0.953844 0.720469 0.047719 0.055604
3 0.648625 0.552396 0.080344 0.136167
22 0.457734 0.600031 0.045594 0.079438
22 0.593273 0.712802 0.102609 0.164438
22 0.882555 0.751854 0.166422 0.120000
22 0.259094 0.436427 0.020063 0.009813
16 0.292727 0.625427 0.047516 0.027312
16 0.381469 0.621375 0.092375 0.058250
16 0.822305 0.610271 0.044266 0.046667
21 0.896219 0.674281 0.055500 0.072438
16 0.248047 0.611865 0.103719 0.040354
16 0.208992 0.691510 0.219297 0.054437
16 0.127906 0.770281 0.236437 0.103354