1 0.679220 0.374720 0.101120 0.177547
71 0.654850 0.708480 0.158300 0.199253
71 0.692690 0.917987 0.316860 0.141573
71 0.428100 0.555267 0.065280 0.080187
71 0.449430 0.645413 0.118820 0.129600
71 0.514050 0.728840 0.168540 0.240453
71 0.355770 0.492560 0.053740 0.043147
3 0.155720 0.679893 0.141200 0.639680
3 0.303180 0.477293 0.060840 0.196560
71 0.367190 0.551227 0.047020 0.048800
71 0.341900 0.485053 0.029640 0.032400
1 0.451280 0.356027 0.007040 0.012000
1 0.499800 0.356120 0.007360 0.013893
3 0.186180 0.421960 0.021120 0.102587
3 0.971090 0.415693 0.031860 0.097627
3 0.949400 0.419213 0.020640 0.081520
3 0.900530 0.417187 0.045860 0.073360
3 0.841160 0.403667 0.029480 0.082800
3 0.788570 0.408587 0.030740 0.057547
3 0.355700 0.405387 0.022360 0.068000
3 0.210550 0.400533 0.028100 0.057067
3 0.430220 0.398040 0.023080 0.056613
21 0.214480 0.731253 0.021240 0.036427
71 0.400060 0.608947 0.058560 0.089147
71 0.359330 0.462107 0.067700 0.047733
3 0.324340 0.399693 0.028240 0.035547
3 0.278530 0.440373 0.020780 0.125013
1 0.430040 0.356027 0.023080 0.017067
3 0.512000 0.412000 0.852000 0.098667