37 0.132945 0.829552 0.075609 0.340896
37 0.839594 0.802385 0.071781 0.395229
3 0.499641 0.598875 0.449844 0.802250
3 0.160312 0.611854 0.319500 0.776292
3 0.856375 0.616812 0.287250 0.733625
3 0.714039 0.575344 0.037672 0.059354
3 0.300312 0.581771 0.091750 0.110458
56 0.926891 0.803042 0.068594 0.152000
56 0.183617 0.966771 0.075266 0.066458
3 0.020242 0.570021 0.011953 0.025208
3 0.228789 0.651771 0.109516 0.117750
56 0.585703 0.826437 0.074344 0.106750
3 0.757578 0.569229 0.026937 0.024625
3 0.738336 0.577396 0.021672 0.028250
3 0.223297 0.589865 0.019062 0.056271