44 0.594930 0.728235 0.040484 0.133318
48 0.414914 0.246506 0.023453 0.085859
48 0.435641 0.249529 0.024125 0.089976
48 0.455125 0.252741 0.023187 0.088447
48 0.473531 0.254576 0.018563 0.086988
48 0.490875 0.257988 0.018250 0.084918
48 0.120602 0.499318 0.034734 0.162494
48 0.551664 0.267153 0.016609 0.081082
48 0.569570 0.269553 0.020422 0.083388
48 0.588266 0.271741 0.018063 0.079812
48 0.239977 0.309565 0.045203 0.141153
48 0.301719 0.310447 0.026406 0.142729
43 0.547492 0.730918 0.027359 0.130212
43 0.592688 0.732494 0.046312 0.125741
48 0.355828 0.309600 0.032969 0.164282
48 0.015344 0.285753 0.030687 0.130047
3 0.824250 0.689929 0.351500 0.619812
43 0.522023 0.736694 0.031453 0.117388
48 0.379688 0.485882 0.740625 0.618824