3 0.330727 0.573419 0.013578 0.046417
3 0.831047 0.871218 0.065969 0.251756
3 0.647406 0.773361 0.037031 0.187143
3 0.609297 0.719251 0.020719 0.078970
3 0.539719 0.694403 0.032937 0.054848
3 0.435867 0.679274 0.019422 0.072084
3 0.974523 0.774286 0.050953 0.109742
3 0.596930 0.812482 0.023047 0.113630
3 0.578664 0.758009 0.046266 0.154520
3 0.183414 0.493618 0.004828 0.016604
16 0.329695 0.596440 0.008766 0.002998
16 0.696406 0.912681 0.059750 0.052155
3 0.534695 0.770960 0.036234 0.115316
3 0.771258 0.842564 0.047766 0.215574
3 0.748063 0.813560 0.024469 0.170960
3 0.530469 0.699063 0.726562 0.447307