3 0.537008 0.849028 0.040953 0.167799
3 0.587539 0.856089 0.045641 0.162014
3 0.906578 0.492681 0.014844 0.019274
29 0.526594 0.832904 0.066156 0.080609
29 0.600891 0.839813 0.064906 0.090867
3 0.924992 0.499005 0.007891 0.011405
3 0.804352 0.532002 0.004797 0.016651
3 0.976297 0.514297 0.004344 0.017635
3 0.913641 0.497564 0.004344 0.021733
3 0.891359 0.542049 0.004500 0.013091
3 0.963930 0.516323 0.010734 0.015129
3 0.879555 0.546593 0.004047 0.013326
3 0.269797 0.604988 0.006406 0.008852
3 0.125242 0.584742 0.010797 0.041569
3 0.138016 0.615398 0.006969 0.014684
3 0.461719 0.553864 0.901563 0.152225