48 0.642141 0.566323 0.031219 0.087896
48 0.438930 0.661729 0.057984 0.241417
48 0.407273 0.572083 0.028234 0.110708
2 0.694438 0.931781 0.287750 0.136437
9 0.502062 0.730854 0.750000 0.505875
3 0.745539 0.445094 0.077578 0.157396
3 0.564406 0.380750 0.194469 0.282875
3 0.391258 0.485760 0.145234 0.216771
64 0.654438 0.211615 0.388687 0.229396
64 0.373758 0.430219 0.328641 0.243021
64 0.891852 0.306896 0.216297 0.191000
2 0.479164 0.320188 0.061672 0.055083
44 0.633437 0.499583 0.029250 0.041958
44 0.501289 0.736240 0.037359 0.092729
53 0.318359 0.865083 0.029094 0.103042
53 0.758984 0.652688 0.011750 0.059667
53 0.657055 0.753052 0.114672 0.047688
41 0.368258 0.845385 0.008422 0.087646
41 0.745617 0.651260 0.017797 0.075813
41 0.336047 0.676885 0.067844 0.045646
45 0.526070 0.522333 0.043953 0.045792
45 0.549773 0.612740 0.040547 0.038396
45 0.759609 0.653875 0.012188 0.057750
45 0.380789 0.624271 0.012828 0.057083
28 0.481281 0.699771 0.076375 0.077667
28 0.622922 0.647354 0.129969 0.093583
28 0.482258 0.622781 0.144703 0.096479
28 0.637188 0.559375 0.087813 0.084292
44 0.454852 0.768281 0.042672 0.097021
44 0.328094 0.695740 0.038469 0.086396
44 0.502688 0.561333 0.028281 0.033542
44 0.673414 0.590750 0.023047 0.063250
41 0.560539 0.507427 0.047984 0.019062
2 0.783937 0.495979 0.017563 0.056208
3 0.880125 0.751115 0.239750 0.427437
41 0.371586 0.837844 0.023766 0.097813
48 0.715852 0.619583 0.041953 0.139500
44 0.606063 0.503573 0.023312 0.040937
28 0.548813 0.547240 0.066375 0.067437
3 0.144352 0.546167 0.288703 0.907667