3 0.746625 0.344594 0.506750 0.328813
43 0.746875 0.718458 0.171531 0.563083
43 0.801836 0.539667 0.136359 0.347083
53 0.490609 0.421438 0.057531 0.094458
28 0.554500 0.844260 0.252812 0.274146
41 0.194055 0.557854 0.388109 0.090750
28 0.459500 0.471219 0.118844 0.141646
28 0.608820 0.505969 0.259797 0.235354
28 0.245789 0.402292 0.329141 0.241667
28 0.753359 0.713865 0.335562 0.286354
42 0.204875 0.680344 0.168281 0.206771
0 0.091852 0.238208 0.133141 0.170792
9 0.500000 0.572729 1.000000 0.854542
42 0.356266 0.595865 0.166938 0.133896
42 0.053656 0.362729 0.107313 0.098292
42 0.553484 0.822094 0.190375 0.162312
1 0.545898 0.157563 0.599609 0.291667