40 0.504398 0.401072 0.040891 0.104726
3 0.173305 0.661794 0.154047 0.676411
3 0.366508 0.440842 0.019391 0.063042
3 0.647805 0.443578 0.018016 0.058053
3 0.819039 0.469617 0.031609 0.121729
3 0.896859 0.459442 0.010969 0.032188
3 0.918734 0.459048 0.023156 0.058578
3 0.076883 0.447582 0.043234 0.062779
3 0.438539 0.427330 0.012203 0.030284
3 0.011516 0.460919 0.014063 0.051641
3 0.507531 0.534759 0.073656 0.293720
40 0.059906 0.584562 0.084219 0.012626
40 0.075734 0.591193 0.051375 0.006849
40 0.061344 0.596915 0.049562 0.008228
2 0.065391 0.445777 0.021813 0.034792
18 0.686492 0.339015 0.006859 0.008621