7 0.719148 0.150976 0.069766 0.105059
2 0.892844 0.854800 0.142625 0.093976
41 0.863148 0.464753 0.040266 0.007624
41 0.817688 0.529659 0.004469 0.079506
49 0.787094 0.627365 0.115031 0.034965
41 0.567234 0.410282 0.068781 0.011059
41 0.863711 0.473647 0.039859 0.006824
41 0.863297 0.499529 0.032937 0.007624
28 0.480289 0.751059 0.090203 0.066259
39 0.917297 0.570859 0.017375 0.007318
2 0.531719 0.969035 0.141656 0.061929
49 0.680937 0.635635 0.089875 0.025953
5 0.190258 0.825847 0.135797 0.303365
41 0.866203 0.438871 0.057375 0.015765
41 0.869836 0.386588 0.071734 0.015718
41 0.865773 0.407541 0.058453 0.016353
41 0.865703 0.453565 0.047719 0.007835
41 0.864500 0.490635 0.034875 0.007671
41 0.570492 0.458024 0.041828 0.008612
41 0.551453 0.380906 0.096094 0.012212
28 0.480883 0.849353 0.062641 0.041812
28 0.747164 0.952412 0.175484 0.095176
39 0.935312 0.570859 0.010906 0.009812
39 0.952453 0.571282 0.012687 0.012306
6 0.112719 0.593376 0.030375 0.097341
41 0.571031 0.445741 0.059844 0.015388
28 0.483633 0.880953 0.083234 0.078659
28 0.318102 0.888306 0.068547 0.091059
41 0.548438 0.449412 0.712500 0.221176