3 0.562998 0.456219 0.545761 0.484969
3 0.834953 0.472344 0.330094 0.507906
3 0.185890 0.506867 0.346440 0.772609
41 0.471019 0.647016 0.080960 0.045375
48 0.709988 0.964234 0.062927 0.071531
48 0.845843 0.962195 0.114450 0.075609
53 0.884977 0.786766 0.221944 0.029281
53 0.885176 0.781398 0.172225 0.027984
9 0.500000 0.893258 1.000000 0.213484
7 0.153911 0.036023 0.121874 0.072047
53 0.857494 0.796820 0.157190 0.023297
53 0.897482 0.803055 0.172529 0.021484
42 0.605785 0.714672 0.281874 0.129688