48 0.062141 0.895104 0.090875 0.209583
48 0.014906 0.899094 0.029812 0.201813
64 0.046656 0.402000 0.056563 0.218667
64 0.082148 0.411906 0.057953 0.215188
2 0.720570 0.911323 0.099203 0.150229
2 0.055617 0.679146 0.062422 0.234667
9 0.344922 0.843719 0.689094 0.312563
3 0.343820 0.393406 0.522484 0.737063
3 0.716547 0.561271 0.566906 0.877417
44 0.414555 0.743583 0.047203 0.115958
53 0.305766 0.838667 0.128750 0.098750
53 0.445359 0.821240 0.167687 0.028146
41 0.119656 0.870437 0.117750 0.054875
69 0.196719 0.843260 0.272437 0.197188
69 0.441180 0.917104 0.300797 0.141708
41 0.502492 0.826219 0.070172 0.018021
44 0.014219 0.908594 0.026250 0.181896
44 0.350859 0.966573 0.106281 0.066854