3 0.907938 0.465094 0.177375 0.472979
43 0.597031 0.617906 0.316344 0.281521
41 0.284687 0.735156 0.171437 0.130062
45 0.761203 0.745833 0.289687 0.166667
45 0.631031 0.712656 0.068594 0.024938
45 0.466758 0.747927 0.036141 0.021146
28 0.705766 0.850469 0.270219 0.215938
28 0.783594 0.771437 0.241812 0.148500
69 0.357203 0.676781 0.318000 0.071646
69 0.714609 0.652344 0.307875 0.061521
53 0.330437 0.649302 0.038156 0.022812
53 0.836242 0.664969 0.036078 0.025687
28 0.539016 0.750458 0.129781 0.099958