3 0.652977 0.558422 0.507453 0.883157
3 0.544570 0.565565 0.163859 0.652650
3 0.540703 0.280991 0.040813 0.111475
3 0.435828 0.498502 0.158469 0.835945
3 0.903656 0.461797 0.128000 0.352811
30 0.195820 0.706048 0.385547 0.442696
21 0.298023 0.450795 0.138703 0.299378
3 0.587078 0.229793 0.035594 0.040922
37 0.470734 0.356509 0.038062 0.229378
37 0.570625 0.406048 0.026281 0.105276
56 0.850148 0.811060 0.085578 0.121982
3 0.636297 0.294747 0.075844 0.143871
3 0.367680 0.305507 0.048828 0.227834
3 0.505617 0.258618 0.053047 0.193502
56 0.432359 0.606475 0.085812 0.108111
3 0.671086 0.427385 0.207797 0.693065