44 0.847023 0.602254 0.305953 0.498873
53 0.046375 0.320223 0.065812 0.271901
42 0.247555 0.168545 0.264766 0.229202
41 0.067797 0.317864 0.060219 0.192864
45 0.024500 0.259272 0.047531 0.177042
54 0.355703 0.434472 0.266188 0.170775
54 0.177180 0.470739 0.032672 0.041808
47 0.811891 0.293134 0.194406 0.218474
47 0.781414 0.182347 0.130078 0.121596
47 0.589625 0.279965 0.168375 0.197160
47 0.650648 0.134272 0.165828 0.126808
47 0.868578 0.236878 0.191594 0.173005
47 0.659555 0.263016 0.157734 0.179695
41 0.181594 0.025739 0.047688 0.051479
9 0.500000 0.500000 1.000000 1.000000