66 0.781453 0.919354 0.050000 0.053750
3 0.603148 0.708937 0.032891 0.107292
3 0.590070 0.625354 0.029766 0.111708
63 0.581516 0.616052 0.012687 0.024562
68 0.577859 0.114562 0.153844 0.062000
3 0.428461 0.524594 0.025391 0.043937
3 0.385977 0.524292 0.013891 0.026125
3 0.342313 0.501948 0.008469 0.023646
3 0.332188 0.496479 0.012125 0.020458
3 0.802211 0.871573 0.026703 0.131688
3 0.378133 0.521698 0.007734 0.020229
3 0.198148 0.758990 0.019203 0.038521
3 0.096492 0.698115 0.016141 0.059854
3 0.715281 0.880104 0.035094 0.122958
3 0.406906 0.524792 0.013656 0.033958