9 0.570258 0.494917 0.859484 0.986458
9 0.206461 0.494385 0.412922 0.988771
47 0.334555 0.479771 0.210672 0.262917
47 0.516633 0.335281 0.204609 0.268354
47 0.705203 0.250448 0.196781 0.258604
47 0.851086 0.439740 0.227859 0.293854
47 0.428086 0.717604 0.239328 0.330333
47 0.435305 0.176583 0.201703 0.234917
47 0.752531 0.823594 0.244375 0.330354
47 0.270461 0.290354 0.188578 0.235458
47 0.542703 0.904500 0.249437 0.164042
47 0.612688 0.091594 0.178937 0.180146
47 0.645820 0.537990 0.234734 0.294104