1 0.154773 0.373167 0.286984 0.371417
3 0.651531 0.788302 0.114125 0.423396
3 0.579250 0.483021 0.073563 0.428708
3 0.805969 0.692292 0.225719 0.613792
3 0.911430 0.482385 0.125453 0.360938
3 0.953086 0.724719 0.092703 0.528104
3 0.880711 0.296250 0.064703 0.194958
3 0.943250 0.308854 0.103438 0.277792
25 0.893836 0.389042 0.021422 0.038250
56 0.648555 0.762073 0.076953 0.056438
1 0.987648 0.221792 0.024703 0.124542
3 0.989250 0.440250 0.021500 0.077250
1 0.469953 0.302865 0.154406 0.259813
1 0.661703 0.266281 0.100188 0.206437
1 0.772461 0.238531 0.077328 0.157604
1 0.834617 0.215896 0.053078 0.121500