3 0.270736 0.293438 0.489400 0.570469
3 0.787136 0.387648 0.424491 0.370984
3 0.581464 0.402484 0.192345 0.313000
3 0.475500 0.749625 0.272309 0.323125
3 0.772545 0.682953 0.177564 0.195406
43 0.255600 0.913211 0.130364 0.173578
44 0.245118 0.685133 0.081582 0.154828
45 0.515245 0.336383 0.141618 0.058484
45 0.813773 0.807094 0.097909 0.048094
42 0.870073 0.864922 0.239055 0.126469
42 0.530718 0.931305 0.306636 0.137391
42 0.144864 0.847227 0.200964 0.157172
55 0.672618 0.363164 0.396873 0.150078
3 0.060664 0.644883 0.110855 0.112797
3 0.912745 0.701133 0.174509 0.230422
45 0.059536 0.731906 0.033073 0.065687
45 0.280536 0.775805 0.023655 0.071984
44 0.249345 0.906492 0.160182 0.161047
55 0.603427 0.672633 0.129473 0.165484