64 0.561242 0.727281 0.102359 0.523479
64 0.670523 0.734323 0.112797 0.499562
64 0.913266 0.625802 0.075563 0.260188
64 0.846070 0.745698 0.117984 0.413479
64 0.733711 0.701292 0.047672 0.246500
64 0.439922 0.726292 0.062281 0.268708
64 0.105938 0.658583 0.057437 0.129292
64 0.293586 0.798844 0.044641 0.402313
64 0.225336 0.696073 0.060547 0.230937
64 0.511195 0.696729 0.034484 0.284292
64 0.354281 0.694750 0.078781 0.259125
2 0.862406 0.931438 0.275188 0.137125
64 0.012797 0.709625 0.022375 0.146750