48 0.043031 0.742179 0.086063 0.494633
48 0.083148 0.657489 0.166297 0.685023
9 0.295469 0.876399 0.284750 0.224725
45 0.315445 0.350963 0.221172 0.413991
3 0.883859 0.066927 0.230500 0.133532
41 0.678492 0.333406 0.193484 0.109243
41 0.720930 0.342397 0.213922 0.105298
41 0.642703 0.329633 0.214688 0.116606
28 0.368055 0.507787 0.336203 0.485711
27 0.660852 0.802076 0.314016 0.312500
9 0.500000 0.495459 1.000000 0.984404
48 0.143461 0.529851 0.206391 0.793096
27 0.648711 0.534679 0.334328 0.238165
27 0.859836 0.600837 0.226922 0.184748
27 0.896336 0.741021 0.182453 0.277638
27 0.411273 0.708807 0.344828 0.320642
27 0.470789 0.530401 0.356672 0.327546