22 0.254926 0.369681 0.207565 0.271324
71 0.669461 0.617565 0.507778 0.689869
71 0.135956 0.204943 0.146062 0.186520
22 0.694551 0.292998 0.239134 0.138611
71 0.456176 0.569657 0.206732 0.456176
2 0.845408 0.236683 0.166144 0.146732
2 0.726740 0.173538 0.069624 0.111520
2 0.535188 0.121936 0.039395 0.058905
2 0.479804 0.094975 0.026340 0.040114
2 0.960842 0.293971 0.078317 0.095850
22 0.302704 0.076822 0.180245 0.137533
21 0.435041 0.194093 0.120768 0.077010
3 0.021814 0.039657 0.043497 0.078791
3 0.199845 0.036413 0.095082 0.072010
2 0.256650 0.033023 0.015588 0.020131
3 0.409910 0.058039 0.132925 0.115000