3 0.408350 0.576386 0.126660 0.325723
3 0.749190 0.365377 0.051940 0.107319
3 0.291430 0.354262 0.023580 0.096777
3 0.651980 0.441370 0.062480 0.134127
3 0.410390 0.172741 0.012260 0.041627
3 0.456450 0.170000 0.008900 0.038614
16 0.661000 0.499819 0.042520 0.021807
16 0.406210 0.741687 0.100900 0.060542
16 0.755560 0.408238 0.046560 0.020211
16 0.504660 0.566235 0.075000 0.037530
3 0.155230 0.203389 0.006580 0.015392
3 0.673750 0.160512 0.002980 0.022289
3 0.506390 0.485587 0.052660 0.170572
16 0.291940 0.401717 0.057200 0.009699