14 0.468133 0.530840 0.143840 0.062400
14 0.906000 0.514930 0.187520 0.063860
14 0.882120 0.486160 0.121467 0.028960
14 0.624587 0.500000 0.068533 0.029480
14 0.764947 0.503350 0.113093 0.040300
14 0.409533 0.497750 0.066320 0.035140
14 0.260787 0.522500 0.045840 0.031600
14 0.690333 0.500340 0.066373 0.039480
14 0.571200 0.493970 0.070667 0.041540
3 0.204707 0.662950 0.149467 0.293740
3 0.070893 0.680120 0.130747 0.378200
3 0.251880 0.626900 0.110853 0.256280
14 0.359267 0.498140 0.022267 0.018040
14 0.318293 0.497710 0.022987 0.015260