48 0.828953 0.675135 0.072281 0.171979
48 0.692977 0.773062 0.095078 0.274875
3 0.805211 0.397906 0.074516 0.125229
3 0.527031 0.396396 0.219594 0.542792
3 0.645109 0.319927 0.095063 0.261646
3 0.845227 0.513490 0.190453 0.253937
3 0.971836 0.521448 0.056328 0.288479
3 0.209828 0.500000 0.355625 0.725833
3 0.969047 0.470500 0.059344 0.183917
56 0.890977 0.761344 0.102297 0.060354
28 0.454031 0.870969 0.178250 0.136771
69 0.284031 0.855635 0.265563 0.217146
0 0.879992 0.171812 0.152516 0.152667
9 0.872117 0.478969 0.153734 0.050896
17 0.283352 0.328365 0.301016 0.208521
28 0.584758 0.720031 0.163109 0.221146
69 0.812617 0.468052 0.030516 0.012396
17 0.380844 0.589604 0.153906 0.290917
4 0.382156 0.537302 0.035531 0.115312