9 0.384156 0.748665 0.665375 0.502670
3 0.374688 0.377670 0.248719 0.570788
3 0.760695 0.554059 0.376328 0.891882
3 0.898594 0.313928 0.082375 0.302604
3 0.553406 0.254716 0.012562 0.103085
41 0.566977 0.656718 0.108078 0.064858
41 0.433930 0.480361 0.130609 0.029344
42 0.241234 0.858304 0.056406 0.091225
2 0.275695 0.635580 0.147297 0.126958
2 0.373992 0.579267 0.076484 0.104398
2 0.563352 0.493796 0.098609 0.097440
2 0.882914 0.398578 0.053578 0.144289
2 0.916320 0.570306 0.031734 0.065427
2 0.676258 0.438589 0.036328 0.137921
2 0.534977 0.321838 0.017047 0.042582
2 0.648789 0.359847 0.025547 0.116674
42 0.452844 0.684289 0.154313 0.119344
42 0.445922 0.839967 0.097312 0.082210
42 0.548383 0.796193 0.046734 0.087571
42 0.592688 0.527571 0.019031 0.034792
42 0.630945 0.505153 0.037797 0.028512
42 0.150234 0.766236 0.063062 0.057155
42 0.559312 0.551838 0.032469 0.019562
2 0.763914 0.903162 0.222734 0.193676
2 0.484086 0.409606 0.055641 0.140263
2 0.521617 0.336991 0.041797 0.096740
3 0.511852 0.229015 0.041828 0.078687
3 0.489422 0.377079 0.056219 0.190088
3 0.504414 0.295963 0.055047 0.086937
3 0.321352 0.197418 0.041703 0.060219
3 0.308703 0.186532 0.019688 0.065449
2 0.655602 0.324059 0.033859 0.071575
2 0.534453 0.384573 0.051281 0.129847
2 0.541406 0.462801 0.054688 0.041575