61 0.827133 0.786498 0.132609 0.342996
42 0.495766 0.261795 0.388969 0.514604
28 0.504414 0.287533 0.448359 0.575066
28 0.317859 0.729956 0.392313 0.514670
54 0.572594 0.285760 0.104969 0.154692
54 0.447844 0.371806 0.108500 0.118106
54 0.510867 0.212368 0.038203 0.054295
54 0.434719 0.098315 0.035969 0.051167
54 0.510656 0.115441 0.102656 0.156167
54 0.415594 0.199604 0.118531 0.160969
54 0.633992 0.162941 0.117578 0.162004
54 0.536570 0.464339 0.110141 0.143656
54 0.461055 0.256101 0.034453 0.054934
54 0.610375 0.349548 0.036719 0.055220
54 0.315508 0.765892 0.084891 0.123502
61 0.742820 0.622214 0.154891 0.263018
61 0.635812 0.579009 0.143625 0.140749