64 0.708854 0.413789 0.307000 0.097734
64 0.259760 0.445375 0.159146 0.034437
14 0.389594 0.503664 0.114604 0.050047
14 0.331521 0.483180 0.074375 0.039172
21 0.795792 0.613914 0.056792 0.105422
58 0.983479 0.629203 0.033042 0.081594
3 0.721781 0.624180 0.153896 0.336484
3 0.074510 0.776062 0.146063 0.447875
14 0.595323 0.488984 0.115813 0.031938
64 0.120708 0.451547 0.094750 0.022312
64 0.630635 0.647813 0.053354 0.105594
2 0.914000 0.631102 0.080542 0.090141
9 0.873687 0.641047 0.128792 0.108813
3 0.068323 0.532477 0.088354 0.149922
22 0.316021 0.498289 0.015333 0.046391
22 0.295646 0.514430 0.062917 0.066516
64 0.343708 0.580977 0.039750 0.083109
64 0.652427 0.654781 0.062687 0.141031
3 0.292333 0.554094 0.098417 0.186125