3 0.537453 0.946010 0.042373 0.107980
3 0.957973 0.791680 0.058773 0.144120
3 0.337507 0.836300 0.022000 0.021880
3 0.541627 0.826370 0.029013 0.042980
3 0.473213 0.857070 0.023067 0.050100
68 0.540760 0.407410 0.090960 0.119020
68 0.375360 0.234990 0.104640 0.028140
68 0.459707 0.512320 0.042827 0.106360
68 0.932013 0.586530 0.050960 0.030900
3 0.283493 0.833050 0.029280 0.045420
3 0.127227 0.973000 0.044853 0.054000
3 0.852440 0.965870 0.114853 0.065420
3 0.771120 0.784650 0.094187 0.143140
3 0.213373 0.888830 0.034427 0.072500
3 0.307267 0.844250 0.023813 0.049220
3 0.503120 0.951790 0.051947 0.096420
3 0.837547 0.767900 0.071840 0.158120
3 0.500000 0.499000 0.994667 0.998000