15 0.326148 0.752442 0.083266 0.198014
15 0.701461 0.501449 0.031922 0.069065
15 0.676414 0.562675 0.055547 0.057313
15 0.806562 0.555853 0.042375 0.074416
3 0.215391 0.760129 0.310281 0.459463
3 0.378711 0.721787 0.174328 0.519089
3 0.046781 0.503107 0.088500 0.207850
3 0.489781 0.523014 0.093063 0.403785
3 0.545156 0.527430 0.054875 0.260187
3 0.715727 0.531659 0.051672 0.263832
3 0.669703 0.604836 0.042812 0.195327
3 0.106695 0.607185 0.105203 0.285397
3 0.408813 0.584334 0.114156 0.431051
3 0.624445 0.494626 0.076453 0.377196
64 0.655141 0.363668 0.153281 0.058645
15 0.579586 0.518131 0.019641 0.058131
15 0.400648 0.761484 0.106109 0.198902
3 0.569859 0.468131 0.041094 0.230000
3 0.947133 0.474112 0.094891 0.268505
2 0.138359 0.459521 0.019437 0.084836
2 0.026891 0.545187 0.053781 0.147336
2 0.342102 0.492582 0.013672 0.090350
3 0.837445 0.515759 0.040016 0.143575
3 0.495313 0.490654 0.987500 0.364486