3 0.549383 0.326187 0.252266 0.383750
3 0.409398 0.234000 0.177859 0.261750
3 0.638813 0.287948 0.113062 0.319354
3 0.860773 0.213708 0.057391 0.120208
3 0.250281 0.314604 0.332031 0.624708
3 0.954938 0.188875 0.063187 0.105667
47 0.495227 0.941427 0.070766 0.090729
47 0.331750 0.957969 0.072063 0.068021
47 0.440352 0.655354 0.041984 0.030542
47 0.510992 0.551677 0.059141 0.032688
47 0.579070 0.472188 0.044641 0.040083
47 0.590109 0.930063 0.070438 0.084125
47 0.427109 0.930677 0.081812 0.097187
47 0.486383 0.893469 0.085766 0.065854
47 0.501867 0.852927 0.069891 0.040813
47 0.372820 0.971250 0.087453 0.057500
47 0.292000 0.900469 0.089781 0.062104
47 0.273484 0.956104 0.081312 0.060583
3 0.978852 0.159000 0.042297 0.151667
3 0.880953 0.511344 0.238094 0.319729
3 0.805133 0.183865 0.090047 0.109146
3 0.340453 0.226969 0.121344 0.143813
28 0.344352 0.424906 0.098484 0.067937
28 0.424461 0.709219 0.214266 0.183604
47 0.538891 0.914375 0.042938 0.053708
3 0.948594 0.228083 0.088250 0.119667
3 0.877984 0.145927 0.027719 0.033688
25 0.811102 0.405875 0.081484 0.073750
3 0.772695 0.163000 0.064422 0.120083
45 0.335492 0.275177 0.036734 0.052646
47 0.562500 0.686458 0.628125 0.622917
3 0.377344 0.183333 0.045312 0.108333