3 0.656230 0.591997 0.139820 0.453724
3 0.084380 0.446517 0.055880 0.136997
63 0.577960 0.450706 0.054240 0.050901
2 0.362340 0.580360 0.050960 0.106547
2 0.415430 0.578709 0.053620 0.106246
2 0.474120 0.576787 0.058800 0.099700
2 0.295450 0.579069 0.057140 0.104985
2 0.244770 0.580856 0.057380 0.112643
2 0.136000 0.578829 0.058040 0.105886
2 0.352150 0.555300 0.046420 0.112943
2 0.513800 0.569910 0.034520 0.110511
2 0.409990 0.512913 0.042940 0.018318
2 0.188950 0.580450 0.052780 0.112192
2 0.083740 0.572523 0.051880 0.128529
2 0.476770 0.522583 0.044700 0.029069
9 0.326090 0.523033 0.272500 0.016036
3 0.053220 0.527553 0.073960 0.288438
3 0.166920 0.464745 0.055320 0.120661
2 0.288000 0.515495 0.038800 0.011411
2 0.233000 0.524024 0.046000 0.027027