27 0.446448 0.849438 0.521354 0.256188
14 0.813771 0.245898 0.215875 0.081453
2 0.214719 0.404281 0.069062 0.225219
9 0.498115 0.763547 0.996229 0.444688
3 0.555813 0.295125 0.596250 0.573031
3 0.287646 0.360672 0.197750 0.357313
54 0.706365 0.578172 0.077104 0.028156
54 0.706698 0.549188 0.020604 0.026000
3 0.951292 0.474687 0.097417 0.254625
3 0.906979 0.277398 0.186042 0.195047
14 0.086781 0.263641 0.173563 0.174344
53 0.454646 0.632844 0.074208 0.078125
41 0.439833 0.661039 0.027708 0.064922
42 0.683490 0.607320 0.186271 0.046672
2 0.882156 0.465516 0.145354 0.162250
2 0.877375 0.359023 0.047375 0.029078
7 0.543510 0.424180 0.026562 0.020859
44 0.983708 0.638859 0.032583 0.186563
54 0.624438 0.569305 0.015125 0.031078
9 0.899990 0.407867 0.124979 0.079172