1 0.033125 0.765964 0.063875 0.321027
55 0.670453 0.692579 0.439562 0.328889
2 0.011695 0.623449 0.022578 0.057338
6 0.386641 0.757579 0.083844 0.045891
6 0.100758 0.914717 0.070047 0.025954
6 0.096094 0.890566 0.067750 0.028931
2 0.712656 0.886520 0.430438 0.204486
9 0.408109 0.781771 0.230031 0.202579
2 0.152391 0.613365 0.058906 0.062327
2 0.319414 0.922086 0.429766 0.129874
2 0.916500 0.599319 0.167000 0.188700
2 0.093344 0.601122 0.030969 0.073564
6 0.096086 0.902767 0.066984 0.023941
6 0.079852 0.801562 0.065984 0.025304
6 0.940789 0.464843 0.029453 0.017358
6 0.094422 0.865985 0.074500 0.050713
44 0.385594 0.759266 0.020156 0.067421