67 0.772733 0.786040 0.415976 0.403160
67 0.343003 0.799520 0.427568 0.398320
67 0.308033 0.518490 0.102793 0.174100
3 0.775586 0.652620 0.253213 0.247120
3 0.379685 0.479040 0.125135 0.224440
3 0.545480 0.428010 0.101471 0.061060
3 0.600075 0.407090 0.016967 0.046700
3 0.296441 0.399810 0.058168 0.056380
3 0.324054 0.477750 0.109970 0.147380
3 0.472883 0.432790 0.075375 0.157420
3 0.450285 0.407880 0.036486 0.086800
3 0.433589 0.393330 0.017868 0.031940
3 0.022808 0.578910 0.038468 0.417860
67 0.529204 0.658430 0.178649 0.324340
67 0.146021 0.524840 0.127477 0.178960
67 0.726877 0.496540 0.163423 0.102760
3 0.554324 0.357270 0.010330 0.011340
3 0.509294 0.396040 0.036186 0.050880