3 0.384250 0.313939 0.131625 0.320236
3 0.439125 0.447535 0.119719 0.266816
69 0.381453 0.662606 0.062969 0.048986
69 0.396055 0.683467 0.040203 0.034198
69 0.429781 0.577653 0.070969 0.059363
69 0.620359 0.348325 0.032531 0.017830
25 0.697383 0.031368 0.010422 0.019670
3 0.547117 0.833703 0.192047 0.305613
3 0.511227 0.333361 0.082047 0.232288
3 0.769383 0.702417 0.160766 0.406769
3 0.699945 0.122618 0.062234 0.244292
3 0.863906 0.360743 0.173375 0.413090
3 0.200383 0.834575 0.220828 0.301226
3 0.298758 0.613160 0.144547 0.378208
3 0.364289 0.139965 0.074078 0.221910
3 0.228945 0.255153 0.130609 0.507571
3 0.146336 0.236592 0.163578 0.473184
69 0.437117 0.840507 0.035984 0.098608
69 0.546117 0.625366 0.066734 0.034316
69 0.511000 0.505047 0.041969 0.037783
69 0.556344 0.444623 0.048063 0.021132
69 0.639312 0.312712 0.031000 0.017736
69 0.657875 0.412252 0.040625 0.028325
69 0.280461 0.859375 0.101359 0.072146
69 0.519234 0.707311 0.042000 0.039528
9 0.335555 0.788314 0.123891 0.142854
3 0.570484 0.160955 0.106906 0.228844
69 0.255336 0.827453 0.079141 0.041509
9 0.453430 0.627276 0.493859 0.709080
69 0.652344 0.397406 0.201563 0.280660
3 0.500000 0.441038 0.996875 0.877358