25 0.276492 0.602418 0.033297 0.021752
25 0.117938 0.506764 0.029125 0.040397
25 0.722336 0.716121 0.066984 0.040467
25 0.694383 0.569685 0.477328 0.211238
25 0.458453 0.475701 0.005219 0.016449
3 0.493672 0.688914 0.184844 0.591005
3 0.712328 0.675713 0.249469 0.611238
3 0.294555 0.689883 0.225422 0.593271
3 0.126094 0.676121 0.249969 0.646402
3 0.034477 0.568002 0.067703 0.443668
3 0.907258 0.718727 0.185484 0.543808
21 0.487164 0.753680 0.146141 0.073294
21 0.287438 0.721273 0.206875 0.136051
21 0.898680 0.757862 0.165297 0.094369