7 0.337594 0.354102 0.077608 0.046922
3 0.164059 0.971383 0.029516 0.050297
3 0.194489 0.976781 0.032849 0.043875
3 0.250242 0.973883 0.038333 0.052234
3 0.391062 0.973672 0.032231 0.047531
3 0.446505 0.969422 0.026559 0.043656
3 0.506720 0.967828 0.027312 0.031438
3 0.416478 0.973039 0.029301 0.043859
3 0.051277 0.973680 0.040887 0.052641
3 0.433414 0.957242 0.018495 0.020203
3 0.608575 0.953703 0.016398 0.015594
3 0.101694 0.973547 0.016613 0.018219
3 0.296653 0.969930 0.022876 0.041328
3 0.142634 0.976984 0.021613 0.021188
3 0.346774 0.959375 0.446237 0.037500