0 0.727250 0.513490 0.146625 0.285396
0 0.325672 0.490719 0.119813 0.207187
1 0.921305 0.261021 0.110359 0.234375
3 0.142609 0.658323 0.133719 0.608021
3 0.242664 0.589063 0.127891 0.465208
3 0.404773 0.547000 0.075484 0.354083
3 0.519437 0.535854 0.072219 0.370833
3 0.025336 0.568688 0.043922 0.369375
56 0.185914 0.598667 0.028609 0.016625
3 0.456359 0.565969 0.078531 0.386688
21 0.875133 0.684396 0.043641 0.090250
21 0.922852 0.702698 0.064328 0.128312
2 0.326250 0.629375 0.107656 0.143542
2 0.403242 0.601292 0.085078 0.128833
2 0.793328 0.651354 0.163156 0.212333
2 0.534109 0.624479 0.098062 0.086833
2 0.644750 0.584073 0.105563 0.166229