37 0.483563 0.497781 0.024719 0.089813
30 0.359375 0.546479 0.034250 0.025583
3 0.514883 0.669656 0.214047 0.611229
3 0.054469 0.676167 0.107156 0.647667
3 0.632008 0.687458 0.259078 0.625083
3 0.780078 0.650042 0.184188 0.646667
3 0.332547 0.541625 0.051781 0.086542
3 0.889062 0.378750 0.044000 0.084208
3 0.938742 0.330073 0.023984 0.058646
3 0.446648 0.491260 0.039484 0.082979
3 0.926125 0.648312 0.146625 0.667417
3 0.574437 0.295208 0.043719 0.062792
3 0.439164 0.443333 0.045422 0.065333
2 0.891227 0.544781 0.058297 0.111146
3 0.921875 0.379729 0.036219 0.085750
44 0.251734 0.553719 0.017313 0.019521
3 0.362445 0.450552 0.032141 0.096437
3 0.500000 0.295833 0.996875 0.566667