48 0.205898 0.382190 0.023984 0.069672
48 0.186344 0.385749 0.021500 0.062600
68 0.960828 0.440585 0.077687 0.085808
68 0.375711 0.098173 0.064203 0.195316
3 0.586734 0.677389 0.210062 0.643396
3 0.232391 0.559543 0.173906 0.755059
22 0.319133 0.367775 0.019109 0.026511
3 0.158992 0.402857 0.067047 0.345386
3 0.045828 0.700445 0.091656 0.578829
3 0.078008 0.555480 0.156016 0.722763
3 0.456594 0.365199 0.054750 0.136066
3 0.519258 0.342026 0.041766 0.072389
3 0.624031 0.386991 0.069531 0.162178
3 0.972289 0.362646 0.039734 0.093583
3 0.759734 0.418888 0.074563 0.072201
68 0.285672 0.456042 0.134313 0.297096
3 0.658578 0.371206 0.020813 0.062365
3 0.317312 0.557365 0.114312 0.569204
3 0.812750 0.371101 0.054813 0.167822
3 0.540625 0.337237 0.859375 0.281030