0 0.592208 0.331062 0.061292 0.097812
0 0.471771 0.325859 0.080292 0.115844
0 0.367938 0.335234 0.043458 0.090656
0 0.531677 0.345813 0.080521 0.071625
34 0.469427 0.733852 0.189979 0.144828
48 0.702521 0.947477 0.056958 0.105047
48 0.658063 0.339781 0.037292 0.081719
5 0.118083 0.522422 0.218250 0.923781
17 0.273833 0.476055 0.075333 0.049859
48 0.560417 0.350750 0.032917 0.059156
45 0.300729 0.342625 0.030000 0.090000
46 0.666354 0.258445 0.089292 0.037203
46 0.674781 0.184969 0.062354 0.045250
49 0.814812 0.461430 0.044875 0.027016
2 0.306948 0.686648 0.182938 0.398734
17 0.771208 0.661039 0.129417 0.417328