53 0.848117 0.618153 0.157984 0.062471
41 0.818758 0.721035 0.239266 0.077835
28 0.297852 0.473035 0.278766 0.707859
27 0.637945 0.662918 0.314859 0.507859
27 0.641680 0.242706 0.337266 0.471906
61 0.274578 0.789894 0.098500 0.294376
2 0.121625 0.155059 0.240250 0.310118
9 0.543938 0.642694 0.881938 0.692118
3 0.897688 0.177529 0.204625 0.355059
3 0.536781 0.150871 0.533813 0.301741
44 0.490742 0.961106 0.137828 0.077788
44 0.330117 0.920576 0.184453 0.158847
2 0.842953 0.151682 0.118344 0.303318
9 0.121039 0.143141 0.242078 0.280776