48 0.127406 0.177302 0.181906 0.354604
48 0.191609 0.126156 0.095594 0.252104
9 0.500000 0.550677 1.000000 0.898646
44 0.264852 0.165802 0.139578 0.304938
53 0.766945 0.549458 0.289484 0.171625
53 0.402625 0.127635 0.189594 0.050562
41 0.316977 0.609917 0.249422 0.315958
69 0.529211 0.509854 0.235953 0.260667
69 0.810992 0.280458 0.209047 0.134917
69 0.517836 0.185594 0.147828 0.131354
69 0.866469 0.434188 0.267062 0.190125
2 0.423883 0.059552 0.210672 0.114604
2 0.704711 0.055052 0.275578 0.110104
41 0.675516 0.145281 0.215719 0.042687
48 0.067828 0.297406 0.135656 0.403104