48 0.909687 0.696784 0.087313 0.266667
30 0.792937 0.581350 0.224031 0.250352
31 0.696727 0.812183 0.074234 0.092676
32 0.489477 0.698204 0.304328 0.137394
6 0.186555 0.555646 0.028047 0.150915
6 0.178734 0.665763 0.157344 0.082277
6 0.175719 0.751549 0.193469 0.129577
1 0.513813 0.418603 0.236625 0.414202
31 0.662562 0.682007 0.040063 0.053357
6 0.213570 0.543568 0.031641 0.172817
6 0.200156 0.541221 0.028437 0.180563
6 0.111680 0.555751 0.025797 0.168873
6 0.164453 0.552077 0.024250 0.175376
6 0.232367 0.540129 0.048172 0.196737
6 0.256977 0.550505 0.017422 0.173920
6 0.261781 0.524284 0.044312 0.223075
6 0.119734 0.548850 0.034250 0.179014
6 0.131484 0.542829 0.048125 0.181385
6 0.169719 0.540516 0.038156 0.186056