3 0.848980 0.814957 0.055320 0.099046
3 0.570590 0.528454 0.021340 0.051994
3 0.655720 0.509162 0.022240 0.069133
68 0.652110 0.349422 0.079780 0.143526
68 0.360390 0.170246 0.064500 0.078873
68 0.407770 0.230434 0.092100 0.078382
68 0.494410 0.254147 0.150700 0.145289
68 0.593720 0.324032 0.073000 0.136214
68 0.770110 0.304682 0.061660 0.055318
68 0.900490 0.189566 0.098220 0.092370
68 0.961200 0.236445 0.077600 0.067399
68 0.262850 0.243931 0.235060 0.274566
68 0.198280 0.366503 0.200760 0.242717
68 0.027200 0.287905 0.053280 0.320838
3 0.487050 0.676835 0.018500 0.128353