3 0.964050 0.333168 0.069620 0.140150
71 0.637340 0.192538 0.087000 0.074204
71 0.550980 0.159700 0.082520 0.113093
71 0.477260 0.153303 0.054840 0.125465
71 0.424020 0.186982 0.060600 0.122613
71 0.397740 0.329204 0.064080 0.123453
71 0.441670 0.303559 0.061100 0.143634
71 0.505010 0.336321 0.043940 0.076787
71 0.480950 0.412417 0.044940 0.121291
71 0.443110 0.443769 0.037540 0.123994
71 0.409670 0.451231 0.043500 0.128288
71 0.551740 0.281351 0.090520 0.077417
71 0.240210 0.147192 0.088300 0.078649
71 0.637760 0.250901 0.070040 0.122342
71 0.488000 0.237237 0.976000 0.474474