0 0.397531 0.417385 0.122313 0.135187
0 0.273773 0.475177 0.065953 0.092062
0 0.342742 0.477135 0.051953 0.060854
0 0.393016 0.462510 0.034719 0.072729
1 0.622414 0.496958 0.078891 0.077042
55 0.378516 0.660198 0.288375 0.270979
55 0.796570 0.720812 0.304578 0.271083
58 0.277422 0.674187 0.183875 0.333333
0 0.130852 0.512094 0.091484 0.094771
56 0.662086 0.725687 0.039297 0.028458
44 0.878078 0.586833 0.018375 0.037542
1 0.793367 0.910104 0.221922 0.173917
5 0.901883 0.815010 0.196234 0.195521
2 0.102766 0.686167 0.190594 0.335583