69 0.733148 0.770781 0.087641 0.076396
3 0.894039 0.344885 0.136734 0.227646
3 0.157586 0.716854 0.311797 0.543833
3 0.846281 0.726354 0.307437 0.527042
3 0.560086 0.148625 0.104672 0.185375
3 0.369938 0.288771 0.126406 0.271917
3 0.462297 0.628156 0.281406 0.741271
3 0.686578 0.368500 0.139469 0.338167
3 0.792977 0.623594 0.308422 0.680896
3 0.620531 0.289156 0.108875 0.206437
3 0.226445 0.308646 0.106391 0.279958
3 0.505641 0.225156 0.068062 0.095646
69 0.762672 0.459562 0.070563 0.050292
69 0.260797 0.644167 0.309844 0.575917
69 0.812547 0.986458 0.080687 0.026417
3 0.068484 0.363406 0.132156 0.301396
69 0.501688 0.451052 0.049125 0.071312
2 0.322781 0.460510 0.071969 0.178229
2 0.461570 0.814760 0.251141 0.370479
2 0.690250 0.614896 0.078312 0.173792
2 0.236844 0.404875 0.027406 0.023875
2 0.915945 0.797396 0.032109 0.094625
2 0.333898 0.497573 0.079641 0.237813
2 0.629523 0.584969 0.090328 0.281479
3 0.051281 0.250990 0.099656 0.205104
69 0.375016 0.278042 0.025188 0.012625
69 0.757086 0.856052 0.039703 0.021396
2 0.350867 0.542833 0.096297 0.175792
2 0.321187 0.599490 0.114437 0.416271
2 0.374227 0.509979 0.019328 0.219292
2 0.379820 0.490240 0.015578 0.162562
2 0.345188 0.513229 0.101781 0.189667
3 0.338281 0.617708 0.676562 0.760417
2 0.320312 0.665625 0.615625 0.318750