64 0.443442 0.133137 0.275650 0.260675
64 0.143817 0.125837 0.287633 0.251675
64 0.576033 0.103938 0.076400 0.107875
14 0.364533 0.278550 0.379000 0.310500
3 0.152808 0.584275 0.218717 0.791000
39 0.746292 0.706313 0.227950 0.320825
39 0.827458 0.611762 0.174117 0.249425
14 0.962258 0.134887 0.075483 0.149925
3 0.922475 0.422475 0.155050 0.444950
21 0.404883 0.404625 0.062767 0.190800
3 0.462917 0.478650 0.131833 0.602250
3 0.810175 0.767188 0.379650 0.465625
14 0.634517 0.203238 0.202200 0.143275