58 0.702664 0.779187 0.278766 0.253833
58 0.403789 0.975594 0.249766 0.048813
58 0.240070 0.684240 0.065859 0.056438
22 0.422430 0.907844 0.081734 0.143104
22 0.074883 0.618708 0.051828 0.105542
3 0.051617 0.693885 0.102703 0.324729
3 0.956148 0.707396 0.087703 0.261583
3 0.399438 0.666292 0.057313 0.173042
3 0.517938 0.760000 0.093531 0.447042
3 0.215648 0.685979 0.044516 0.206500
3 0.612430 0.642344 0.060922 0.164979
3 0.687914 0.680802 0.057266 0.265146
3 0.568219 0.662198 0.035687 0.178646
3 0.481766 0.719073 0.072938 0.381563
3 0.373688 0.654031 0.029937 0.168646
3 0.316312 0.641208 0.070187 0.182000
3 0.019797 0.656052 0.039594 0.286146
58 0.082063 0.936469 0.164125 0.103521
58 0.813633 0.776385 0.246578 0.182313
58 0.681172 0.765188 0.023969 0.054083
58 0.450969 0.748719 0.036094 0.074771
21 0.972609 0.667167 0.037219 0.089542
21 0.337445 0.654719 0.031297 0.022771
69 0.197344 0.567854 0.015813 0.005458
69 0.473820 0.651177 0.025766 0.039438
3 0.164336 0.683583 0.105391 0.430125
3 0.307031 0.648958 0.145313 0.202083