44 0.793250 0.396639 0.105281 0.142037
30 0.531500 0.503361 0.646188 0.844941
31 0.937766 0.614941 0.122500 0.137705
6 0.607219 0.065164 0.080969 0.125831
6 0.473906 0.054485 0.044250 0.108970
6 0.664555 0.120023 0.088391 0.237049
6 0.500766 0.059555 0.065969 0.110117
6 0.565000 0.063056 0.096125 0.122178
6 0.652734 0.106686 0.074500 0.213372
6 0.454180 0.053208 0.056234 0.105855
6 0.421289 0.050726 0.035734 0.100000
6 0.409977 0.050258 0.035422 0.100515
44 0.756680 0.348595 0.055953 0.112412
32 0.493477 0.570410 0.474203 0.192623
6 0.632531 0.085035 0.055250 0.123326
6 0.395336 0.047845 0.033703 0.095691
32 0.705219 0.424075 0.127406 0.082061
6 0.436219 0.051183 0.036281 0.102365
6 0.532328 0.058665 0.046781 0.110398