46 0.322000 0.763469 0.159625 0.157437
46 0.634406 0.668240 0.502938 0.367063
46 0.405703 0.770563 0.101156 0.155625
46 0.285187 0.912927 0.144937 0.116229
46 0.278195 0.857604 0.086734 0.047250
46 0.323703 0.824302 0.265344 0.330188
61 0.805492 0.879490 0.097422 0.107979
61 0.910844 0.783125 0.178313 0.201625
39 0.404242 0.312073 0.051484 0.059021
39 0.701922 0.340052 0.059062 0.064396
39 0.328156 0.197188 0.044812 0.057167
39 0.740992 0.377635 0.042984 0.050229
39 0.851828 0.362885 0.115688 0.094854
39 0.769625 0.342594 0.318406 0.161021
39 0.268672 0.228260 0.035969 0.046062
39 0.354953 0.160104 0.043562 0.059375
39 0.357523 0.222938 0.043828 0.062250
39 0.395281 0.163177 0.040063 0.037812
39 0.374805 0.250937 0.043109 0.041708
39 0.488938 0.184635 0.053281 0.037396
61 0.910187 0.912646 0.123000 0.152625
61 0.096531 0.531833 0.025938 0.037250
61 0.077937 0.625031 0.022031 0.030854
61 0.080859 0.582208 0.029531 0.036167
61 0.104078 0.571354 0.017625 0.010375
61 0.123992 0.555260 0.023484 0.024771
61 0.135602 0.526177 0.030984 0.032688
39 0.270313 0.303125 0.540625 0.343750