2 0.061781 0.609490 0.040500 0.052604
3 0.093484 0.552146 0.020781 0.055375
3 0.536852 0.655948 0.018047 0.024979
3 0.541633 0.659167 0.041828 0.032375
63 0.709313 0.634188 0.050406 0.071583
3 0.127672 0.572313 0.018906 0.076625
64 0.050414 0.472198 0.100828 0.051771
64 0.119969 0.479302 0.045156 0.053354
64 0.165727 0.522031 0.053422 0.103063
2 0.022492 0.619552 0.024859 0.058146
2 0.089578 0.606375 0.020875 0.052500
2 0.102445 0.607469 0.018859 0.050271
2 0.149414 0.598969 0.022891 0.036937
2 0.169688 0.597969 0.020500 0.042354
2 0.184648 0.594073 0.017766 0.037396
64 0.029109 0.460396 0.058219 0.065792
2 0.037148 0.618594 0.016203 0.056771
9 0.739008 0.701302 0.205641 0.209062