2 0.785053 0.525660 0.219280 0.262200
2 0.254987 0.432150 0.072853 0.068860
2 0.242360 0.433140 0.126053 0.140440
2 0.177587 0.352330 0.050480 0.038260
2 0.237387 0.328930 0.059840 0.066180
2 0.738653 0.342020 0.083707 0.080720
3 0.776893 0.254970 0.058267 0.062300
42 0.572533 0.199470 0.212320 0.275020
42 0.559960 0.381030 0.267227 0.127100
9 0.502987 0.826910 0.994027 0.346180
9 0.812373 0.487280 0.324267 0.235320
9 0.345320 0.488260 0.245360 0.280080
42 0.549973 0.631300 0.307893 0.164280
42 0.559573 0.856230 0.387360 0.221060
2 0.721240 0.385820 0.068827 0.043240
0 0.159773 0.258980 0.092347 0.099400
0 0.932493 0.247980 0.107440 0.094760
2 0.397080 0.321690 0.051227 0.045260
2 0.453853 0.285950 0.021467 0.014380
2 0.217507 0.412600 0.061040 0.090040
2 0.886013 0.329400 0.052773 0.062200
2 0.258027 0.529400 0.125547 0.209800
2 0.852507 0.378260 0.042987 0.046760
2 0.732000 0.294000 0.200000 0.080000