48 0.631289 0.806659 0.113922 0.369835
44 0.435492 0.960365 0.070578 0.079271
44 0.512531 0.838024 0.133719 0.302024
41 0.761367 0.888365 0.292672 0.196871
6 0.907680 0.136165 0.063703 0.053129
3 0.559602 0.367694 0.161641 0.601647
3 0.459594 0.441094 0.154031 0.392447
3 0.731313 0.506894 0.304969 0.699812
3 0.925297 0.497753 0.149406 0.883129
3 0.291938 0.363000 0.093094 0.401247
3 0.068617 0.373718 0.137234 0.322118
3 0.080133 0.270435 0.135109 0.257247
28 0.388227 0.806024 0.178172 0.229553
27 0.926578 0.943094 0.140688 0.112071
3 0.267117 0.373035 0.068641 0.391012
3 0.011898 0.481612 0.023641 0.372071
27 0.796188 0.954882 0.103594 0.090047
27 0.708313 0.969553 0.129281 0.060894
7 0.789922 0.030435 0.035656 0.060871
3 0.208383 0.554694 0.302641 0.848965