3 0.438240 0.673025 0.310680 0.631459
3 0.554410 0.420036 0.136700 0.286050
47 0.734330 0.868577 0.044740 0.052811
47 0.574790 0.966940 0.050260 0.063772
47 0.597060 0.825623 0.038760 0.044698
47 0.636930 0.865160 0.044140 0.058932
47 0.783100 0.882972 0.050600 0.044377
47 0.845720 0.923327 0.050280 0.051139
47 0.641950 0.851619 0.044180 0.056406
47 0.831650 0.972918 0.057340 0.054164
47 0.886580 0.985427 0.046840 0.029146
47 0.893890 0.974555 0.055540 0.050890
47 0.766230 0.950623 0.053300 0.086299
21 0.119350 0.652117 0.160380 0.555053
3 0.193860 0.523594 0.269000 0.916868
47 0.721350 0.902794 0.047460 0.056833
1 0.816420 0.541762 0.192880 0.295907
41 0.962530 0.033221 0.015020 0.066441
47 0.526660 0.922616 0.037720 0.049217
47 0.616000 0.827402 0.740000 0.338078