3 0.148734 0.309930 0.259969 0.351897
3 0.482734 0.219953 0.095688 0.189836
42 0.251125 0.779040 0.365000 0.441920
42 0.671930 0.592131 0.108453 0.079766
42 0.577750 0.567330 0.101344 0.082857
42 0.701672 0.526581 0.089969 0.096628
42 0.528820 0.410703 0.050453 0.075597
42 0.824805 0.380328 0.054016 0.057518
42 0.188164 0.552810 0.367328 0.197752
3 0.974320 0.220023 0.051359 0.439672
42 0.683016 0.471464 0.061156 0.073560
3 0.410430 0.179473 0.023047 0.106534
3 0.425609 0.177377 0.016563 0.097143
14 0.591266 0.216733 0.163781 0.157354
47 0.673258 0.590913 0.112641 0.101311
47 0.799695 0.334122 0.048453 0.058080
42 0.506344 0.363326 0.038875 0.051944
42 0.551375 0.354098 0.037437 0.055457
42 0.744656 0.481956 0.066312 0.078478
42 0.052609 0.660761 0.103375 0.166487
42 0.619617 0.512752 0.089297 0.084426
3 0.294312 0.202190 0.036437 0.140070
42 0.603125 0.440281 0.484375 0.449649