3 0.427061 0.516766 0.395433 0.707062
3 0.730105 0.474734 0.200585 0.431687
52 0.467330 0.861773 0.563326 0.173422
22 0.396276 0.343117 0.128056 0.200297
64 0.792002 0.077703 0.415995 0.153156
64 0.351979 0.045508 0.663536 0.080891
21 0.794180 0.411437 0.048735 0.037219
28 0.207283 0.201156 0.082248 0.047250
72 0.233150 0.331664 0.095293 0.033266
72 0.236042 0.367320 0.096300 0.033953
28 0.242635 0.540148 0.118665 0.052328
72 0.241721 0.402102 0.098618 0.036078
3 0.960796 0.440227 0.078407 0.313828