68 0.260080 0.235990 0.032394 0.027660
68 0.082912 0.315500 0.043750 0.036560
68 0.144468 0.417850 0.049255 0.045980
68 0.500465 0.374500 0.038910 0.035840
68 0.211144 0.066440 0.056915 0.065320
68 0.413856 0.345860 0.019787 0.020760
68 0.452207 0.204420 0.036223 0.033200
68 0.344987 0.377150 0.031356 0.028660
68 0.500359 0.296870 0.026888 0.027540
68 0.598524 0.393860 0.021303 0.021920
21 0.522114 0.665840 0.211463 0.123400
3 0.788910 0.694010 0.412394 0.584260
3 0.509508 0.724720 0.224122 0.528080
3 0.406197 0.754750 0.123351 0.476140
3 0.291795 0.705190 0.116888 0.326660
3 0.166237 0.565490 0.034335 0.095500
3 0.116689 0.568400 0.031569 0.073640
3 0.027952 0.627970 0.055053 0.162020
3 0.340652 0.594830 0.069654 0.088140
3 0.258245 0.537420 0.027181 0.028960
3 0.649681 0.590030 0.087287 0.075100
22 0.810293 0.717030 0.308830 0.318540
68 0.728564 0.286530 0.034362 0.021340
68 0.580984 0.417050 0.020213 0.016020
3 0.210505 0.576460 0.032926 0.073200
3 0.059588 0.561390 0.032367 0.084340
21 0.331902 0.695410 0.044441 0.077660