2 0.328992 0.496768 0.096578 0.212272
9 0.239672 0.311663 0.165844 0.062155
21 0.316281 0.793431 0.058031 0.177119
21 0.679047 0.493782 0.038219 0.159368
3 0.241672 0.488548 0.111719 0.584169
3 0.265016 0.801042 0.130844 0.394028
3 0.694172 0.635948 0.140937 0.597752
3 0.777859 0.403361 0.063656 0.385410
3 0.887984 0.306171 0.139031 0.248454
3 0.901547 0.176850 0.097906 0.172951
22 0.679227 0.496007 0.035234 0.158384
22 0.923617 0.275773 0.015047 0.053747
3 0.097281 0.844309 0.134875 0.308431
3 0.907703 0.424696 0.115312 0.301241
3 0.983555 0.395094 0.032891 0.243443
22 0.985570 0.399496 0.016359 0.078431
21 0.152500 0.894801 0.069312 0.210398
2 0.051359 0.062799 0.082906 0.125597
22 0.862891 0.272787 0.019344 0.048899