3 0.319383 0.227115 0.254484 0.453937
45 0.261219 0.684323 0.084156 0.087646
45 0.425969 0.669990 0.063031 0.112062
45 0.343227 0.682010 0.069047 0.080479
41 0.376133 0.833885 0.117141 0.111354
45 0.567734 0.691792 0.060937 0.087958
28 0.482953 0.717625 0.078844 0.095875
28 0.405406 0.714208 0.086563 0.090000
28 0.561063 0.719479 0.074594 0.090083
28 0.567359 0.810062 0.090469 0.143292
28 0.400258 0.794469 0.102297 0.152062
28 0.220898 0.800719 0.121453 0.129312
28 0.327102 0.710667 0.097703 0.099250
0 0.497266 0.190104 0.196094 0.371875
41 0.185414 0.835375 0.120234 0.074875
41 0.074539 0.831688 0.132172 0.080000
41 0.273094 0.839417 0.109875 0.092292
41 0.533344 0.788708 0.117031 0.086000
41 0.605281 0.377281 0.063219 0.054312
45 0.550234 0.856083 0.035406 0.070208
45 0.493031 0.679917 0.064250 0.091833
45 0.273484 0.837781 0.114156 0.101479
28 0.241187 0.711896 0.088313 0.095167
28 0.482555 0.809156 0.096766 0.141396
47 0.777516 0.620573 0.050813 0.058688
47 0.820086 0.697604 0.056234 0.068583
47 0.716195 0.421802 0.047797 0.053979
47 0.769102 0.681729 0.049953 0.056542
47 0.827391 0.637500 0.051625 0.057500
47 0.774609 0.264937 0.025344 0.033792
44 0.196758 0.431167 0.112984 0.192208
28 0.132031 0.776042 0.164062 0.172917