28 0.852427 0.161562 0.294854 0.087781
47 0.668958 0.292531 0.071125 0.047375
47 0.692937 0.234836 0.065958 0.048828
47 0.759021 0.241391 0.073042 0.051844
47 0.829354 0.240297 0.072875 0.047125
47 0.899375 0.242258 0.065708 0.047516
47 0.875354 0.299703 0.061750 0.051656
47 0.809427 0.296117 0.076896 0.050359
47 0.735542 0.293391 0.071958 0.050750
47 0.615510 0.341187 0.079104 0.026469
47 0.648135 0.325219 0.070646 0.029250
47 0.555312 0.546281 0.128042 0.059437
47 0.719344 0.331914 0.072896 0.029234
47 0.495083 0.609938 0.136750 0.066562
3 0.683146 0.104492 0.377542 0.204484
47 0.503125 0.450000 0.947917 0.537500