58 0.731707 0.684367 0.533786 0.468953
3 0.652133 0.497742 0.480853 0.982828
21 0.151127 0.809258 0.276039 0.165641
21 0.420919 0.278820 0.270766 0.140172
71 0.394770 0.706773 0.363982 0.197984
3 0.953873 0.312930 0.092254 0.381734
71 0.149956 0.808438 0.276718 0.168250
71 0.311521 0.627563 0.339453 0.131156
71 0.411805 0.800242 0.240547 0.128828
71 0.388665 0.219102 0.273786 0.087641
71 0.418556 0.276398 0.283239 0.139328
71 0.171269 0.296180 0.226783 0.099172
71 0.118282 0.728602 0.198709 0.076578