48 0.834828 0.898073 0.040469 0.203854
48 0.980648 0.813979 0.032266 0.169875
55 0.536398 0.768948 0.330828 0.381146
3 0.250000 0.591938 0.412750 0.816125
3 0.733445 0.670375 0.193453 0.398292
56 0.318000 0.397844 0.082219 0.038812
56 0.742703 0.633344 0.013469 0.057354
43 0.902867 0.792406 0.028141 0.103854
43 0.954727 0.810781 0.030422 0.081896
44 0.858875 0.925292 0.012969 0.091292
6 0.889078 0.366885 0.014063 0.065979
6 0.879672 0.469885 0.014656 0.086729
6 0.885406 0.591198 0.029406 0.069396
6 0.871180 0.674625 0.035328 0.078292
6 0.822187 0.463656 0.020094 0.079187
6 0.877008 0.593427 0.030078 0.070438
6 0.935656 0.937031 0.105094 0.053812
6 0.909953 0.864844 0.068906 0.019229
6 0.811539 0.571021 0.045766 0.023583
6 0.889977 0.472052 0.010266 0.084479
6 0.883687 0.684844 0.058344 0.102146
6 0.894250 0.594729 0.026375 0.067083
56 0.781633 0.672365 0.033516 0.053479
56 0.921172 0.819302 0.061625 0.051813
56 0.779344 0.853927 0.035625 0.023896
56 0.811398 0.850510 0.035891 0.027104
6 0.811297 0.655615 0.022750 0.067479
6 0.873437 0.580208 0.250000 0.814583