3 0.500281 0.586177 0.343469 0.575313
32 0.405398 0.825812 0.146422 0.095875
6 0.909633 0.786406 0.028641 0.162354
6 0.920617 0.419708 0.020016 0.117542
6 0.839539 0.291646 0.135703 0.020542
6 0.865727 0.091031 0.036578 0.175479
6 0.958719 0.772437 0.082563 0.059333
6 0.968227 0.427802 0.038484 0.120604
6 0.895422 0.789927 0.024125 0.152062
6 0.885375 0.787000 0.025219 0.143500
6 0.778148 0.749375 0.074859 0.170917
6 0.827891 0.762854 0.032594 0.168958
6 0.936109 0.420844 0.025219 0.119021
2 0.637016 0.695062 0.074125 0.358917
1 0.203047 0.755479 0.273969 0.453375
6 0.914242 0.096333 0.024078 0.166083
6 0.948805 0.425031 0.031922 0.123104
6 0.563281 0.498958 0.870313 0.997917