48 0.694258 0.302289 0.061297 0.263779
48 0.627375 0.276009 0.055656 0.248404
48 0.556281 0.246244 0.057219 0.222347
2 0.905414 0.188439 0.189172 0.192230
9 0.500000 0.561819 1.000000 0.852840
44 0.185547 0.656631 0.133781 0.341150
44 0.682078 0.716854 0.128625 0.350563
44 0.773594 0.322265 0.098625 0.276315
53 0.873563 0.593779 0.150344 0.258122
53 0.910234 0.576819 0.111000 0.206690
53 0.910852 0.576420 0.066422 0.208333
28 0.372016 0.475528 0.177469 0.181854
28 0.750539 0.651103 0.327766 0.380141
28 0.206984 0.562852 0.211438 0.203592
28 0.549219 0.467711 0.197000 0.244390
54 0.384367 0.485293 0.111984 0.114859
44 0.492789 0.269906 0.077484 0.230845
53 0.938797 0.674155 0.061531 0.090094
53 0.950539 0.633040 0.074891 0.054906
2 0.211797 0.142864 0.261063 0.280516
48 0.102391 0.680763 0.110625 0.239695