54 0.380289 0.913009 0.189922 0.173981
54 0.498570 0.785468 0.245766 0.178571
54 0.689797 0.708056 0.305312 0.295035
54 0.813570 0.724122 0.241828 0.161358
54 0.517969 0.723888 0.226562 0.103044
54 0.482773 0.849438 0.224891 0.224731
54 0.662719 0.465761 0.308500 0.150211
54 0.683289 0.459496 0.146547 0.068782
54 0.346289 0.583958 0.061328 0.143794
54 0.371500 0.787037 0.143281 0.181382
54 0.737195 0.434239 0.219516 0.038876
54 0.544891 0.584778 0.910219 0.497049
54 0.052859 0.212213 0.102250 0.098712
54 0.489844 0.519906 0.979688 0.955504