47 0.504687 0.525180 0.063375 0.035422
47 0.862927 0.502766 0.035771 0.021281
47 0.800937 0.529164 0.045417 0.044266
47 0.870375 0.530656 0.047500 0.040719
47 0.727385 0.644938 0.073396 0.027250
47 0.567240 0.605016 0.083396 0.044062
47 0.391010 0.611609 0.057813 0.030969
47 0.182323 0.627211 0.064521 0.026641
47 0.722198 0.660773 0.076604 0.027359
47 0.646573 0.654805 0.063729 0.030297
47 0.498771 0.608187 0.069417 0.025188
47 0.527531 0.395828 0.055229 0.028594
47 0.905865 0.531414 0.048729 0.044016
47 0.492708 0.582812 0.927083 0.715625