3 0.678250 0.532641 0.571750 0.934719
3 0.075289 0.700734 0.146359 0.595000
3 0.272469 0.239016 0.262375 0.254844
3 0.072859 0.213477 0.143281 0.272484
42 0.224781 0.824719 0.166281 0.110531
3 0.412156 0.250680 0.123250 0.206391
3 0.207727 0.107555 0.084078 0.093422
3 0.324086 0.142563 0.069609 0.129688
3 0.421867 0.110156 0.095703 0.084875
53 0.436055 0.496516 0.140734 0.117594
42 0.442109 0.831508 0.159156 0.075422
2 0.391016 0.970789 0.350562 0.035953
3 0.508984 0.252805 0.096625 0.208984
42 0.509211 0.887781 0.333172 0.123313
3 0.371578 0.181375 0.109469 0.135937
3 0.139484 0.204289 0.064656 0.239203