48 0.928120 0.116745 0.123240 0.233491
48 0.981520 0.145273 0.036960 0.269964
44 0.837830 0.114873 0.060780 0.112800
72 0.425430 0.569600 0.198780 0.107127
72 0.725750 0.755727 0.146540 0.063891
72 0.602890 0.611291 0.143300 0.053636
72 0.497920 0.661800 0.174840 0.067527
72 0.454830 0.634836 0.200220 0.092145
72 0.216290 0.680527 0.289220 0.125855
72 0.212580 0.622618 0.284280 0.112364
72 0.502600 0.706236 0.217320 0.101200
72 0.398450 0.558273 0.182380 0.096836
72 0.591400 0.784273 0.161920 0.058436
72 0.328500 0.478582 0.207120 0.074109
3 0.971840 0.578545 0.056320 0.380509
3 0.933560 0.859236 0.132880 0.261236
72 0.217860 0.720764 0.278560 0.127273
3 0.087740 0.210436 0.175480 0.420873
72 0.353420 0.522691 0.223720 0.089745
72 0.505000 0.489091 0.930000 0.978182