48 0.404153 0.163178 0.024593 0.075119
48 0.389121 0.281226 0.019707 0.057462
43 0.959357 0.271139 0.036596 0.080108
44 0.082191 0.300553 0.025521 0.051822
17 0.342573 0.736269 0.167394 0.386551
17 0.824210 0.635954 0.244642 0.265184
78 0.158738 0.517375 0.098844 0.089718
78 0.699137 0.467364 0.080163 0.069089
49 0.486743 0.513167 0.127948 0.039262
48 0.385277 0.159121 0.020749 0.091215
44 0.743591 0.287809 0.031091 0.036876
45 0.568681 0.453037 0.021564 0.049978
28 0.941694 0.729306 0.073127 0.070716
44 0.698461 0.189121 0.013404 0.027918
44 0.713208 0.186811 0.017394 0.029458
44 0.737435 0.186453 0.019137 0.026356
44 0.757296 0.178926 0.009316 0.026356
9 0.690358 0.824675 0.616254 0.324664