45 0.816273 0.135563 0.159391 0.261750
28 0.500844 0.494365 0.998312 0.986479
51 0.778234 0.500156 0.169406 0.251771
51 0.630141 0.375615 0.102406 0.153146
51 0.228336 0.070750 0.217484 0.125708
51 0.637937 0.060000 0.104125 0.115292
51 0.350680 0.532354 0.121672 0.075875
51 0.163352 0.829823 0.216547 0.215146
51 0.761414 0.698125 0.124703 0.159250
51 0.098594 0.566302 0.173594 0.350562
51 0.248867 0.254740 0.072547 0.183896
51 0.362992 0.059021 0.043984 0.094125
51 0.106531 0.932437 0.123250 0.135125
51 0.068359 0.423187 0.121094 0.161458
51 0.027484 0.948865 0.053531 0.102271
51 0.582031 0.668750 0.801562 0.195833