51 0.506477 0.769417 0.271766 0.320000
51 0.477992 0.299531 0.163734 0.208938
51 0.224117 0.434115 0.183516 0.228229
51 0.342000 0.578750 0.104156 0.133750
51 0.455484 0.516510 0.090219 0.115562
51 0.680508 0.517500 0.235984 0.523667
28 0.503352 0.493500 0.942953 0.986583
51 0.634156 0.240812 0.081531 0.070833
54 0.579273 0.672406 0.196297 0.155729
54 0.234273 0.617604 0.182016 0.152792
54 0.539523 0.504563 0.196922 0.234917
54 0.399781 0.391698 0.107438 0.212563
54 0.375938 0.611823 0.122406 0.169479
54 0.351141 0.727656 0.357469 0.399896
54 0.780336 0.607865 0.107859 0.191021
54 0.526336 0.180500 0.270953 0.197500
54 0.707930 0.369615 0.233297 0.399729
9 0.498320 0.500104 0.996641 0.999792
54 0.288313 0.261031 0.070125 0.174021
54 0.313305 0.124406 0.144703 0.115979
54 0.337891 0.317719 0.066406 0.268229
54 0.363687 0.209375 0.060406 0.183500
54 0.265625 0.406250 0.300000 0.462500