64 0.546398 0.271792 0.168109 0.076375
2 0.603180 0.508500 0.310547 0.159500
3 0.054953 0.389958 0.109906 0.187750
3 0.675687 0.372396 0.134187 0.184708
9 0.501688 0.784271 0.996625 0.409000
3 0.068117 0.432281 0.089953 0.255854
9 0.118336 0.492812 0.119703 0.168125
53 0.394078 0.412479 0.101188 0.530750
72 0.418992 0.781802 0.466516 0.300229
2 0.722734 0.456740 0.050219 0.076521
0 0.650766 0.175312 0.143781 0.137917
0 0.597797 0.342438 0.035906 0.089708
0 0.297141 0.207094 0.219531 0.215229
3 0.560242 0.374375 0.121766 0.151833
2 0.794273 0.479563 0.032891 0.081250
2 0.817703 0.472302 0.036469 0.133396
2 0.024141 0.503958 0.045781 0.151500
2 0.243969 0.419708 0.025688 0.040083
2 0.277758 0.418031 0.005828 0.039938
9 0.433992 0.478458 0.137422 0.104833
3 0.361789 0.366802 0.013703 0.029229
21 0.052828 0.535885 0.062281 0.097104
3 0.207625 0.385854 0.075469 0.275875