44 0.642083 0.630414 0.075750 0.066609
44 0.737906 0.473930 0.089479 0.058078
44 0.701344 0.392469 0.088521 0.062250
44 0.500156 0.315820 0.080604 0.067078
44 0.300229 0.395102 0.085417 0.056484
44 0.276479 0.484734 0.096875 0.061656
44 0.391979 0.638133 0.076250 0.067453
7 0.502646 0.497688 0.593042 0.434406
44 0.514052 0.660320 0.077813 0.068891
44 0.386302 0.339914 0.073896 0.061672
44 0.614802 0.335344 0.072021 0.064719
44 0.718490 0.567000 0.097063 0.062469
44 0.301437 0.574797 0.088667 0.054656