1 0.114281 0.642771 0.228563 0.361167
2 0.569211 0.958375 0.142516 0.083250
44 0.202187 0.942281 0.071438 0.115437
6 0.631609 0.764250 0.034344 0.014042
56 0.142656 0.829802 0.160719 0.137521
6 0.561000 0.539604 0.061437 0.058500
56 0.165266 0.863760 0.126969 0.059063
6 0.634250 0.623469 0.037500 0.010396
6 0.632172 0.701646 0.038562 0.010292
6 0.642016 0.744833 0.061906 0.018083
6 0.572859 0.734719 0.054406 0.011229
6 0.574711 0.942437 0.086734 0.091875
6 0.644719 0.754927 0.061469 0.015396
6 0.574187 0.765979 0.060406 0.063417
6 0.640977 0.874281 0.059172 0.023896
6 0.560031 0.481948 0.061594 0.053479
6 0.337492 0.723219 0.008859 0.094979
3 0.853336 0.431667 0.293328 0.694417