48 0.532938 0.539469 0.035813 0.145479
48 0.512781 0.511427 0.029656 0.143229
9 0.448484 0.731990 0.471281 0.400896
3 0.437914 0.315854 0.496641 0.407167
44 0.411687 0.554573 0.053719 0.125354
72 0.429078 0.666094 0.076094 0.090188
58 0.634492 0.267969 0.234828 0.159021
72 0.611148 0.633594 0.075609 0.044229
72 0.667672 0.560125 0.021188 0.048708
55 0.500648 0.651177 0.989609 0.664938
44 0.432445 0.444802 0.038609 0.071396
72 0.299734 0.489292 0.070844 0.050208
72 0.260984 0.624167 0.062156 0.069167
72 0.570344 0.489313 0.045937 0.057958