2 0.248211 0.448143 0.258578 0.404229
3 0.225766 0.241063 0.199937 0.480210
3 0.075477 0.394474 0.150953 0.781051
47 0.406094 0.710362 0.041750 0.040304
47 0.689305 0.856086 0.032109 0.035631
47 0.755297 0.963855 0.032875 0.038037
47 0.708398 0.963575 0.033734 0.043505
47 0.634258 0.942862 0.027641 0.020724
47 0.213156 0.802360 0.054406 0.044393
47 0.555297 0.922991 0.032375 0.033505
47 0.565477 0.943516 0.031422 0.042407
47 0.537586 0.951776 0.027266 0.025514
47 0.570180 0.980771 0.023297 0.024579
47 0.597586 0.888458 0.032266 0.030467
47 0.604375 0.941530 0.033063 0.032827
28 0.901055 0.552348 0.122547 0.200537
47 0.647852 0.955397 0.029609 0.026589
47 0.623437 0.906542 0.362500 0.182243