48 0.602156 0.558107 0.029031 0.095795
48 0.545297 0.435816 0.014219 0.091925
48 0.503203 0.458410 0.019938 0.069414
28 0.820969 0.618902 0.112250 0.087845
28 0.803367 0.482144 0.030797 0.021109
28 0.773312 0.464759 0.030906 0.022364
28 0.780398 0.425282 0.034547 0.028264
49 0.661773 0.651349 0.226016 0.084749
48 0.521477 0.451642 0.021203 0.066213
48 0.556414 0.432552 0.011922 0.094017
28 0.804352 0.502521 0.031016 0.015879
48 0.529492 0.602500 0.028359 0.103117
50 0.052125 0.859383 0.104250 0.248222
48 0.570859 0.449477 0.028656 0.070377
48 0.864047 0.520962 0.030000 0.052092
48 0.663406 0.456224 0.029875 0.046674
48 0.622648 0.582594 0.021828 0.051297
48 0.665625 0.551255 0.409375 0.282427