29 0.862555 0.677771 0.272172 0.212833
29 0.692500 0.639885 0.072875 0.181521
29 0.736516 0.653938 0.084281 0.197750
29 0.532750 0.645802 0.068187 0.138396
29 0.515820 0.632833 0.100453 0.149583
29 0.417813 0.631958 0.065000 0.117833
29 0.397656 0.634448 0.060406 0.131979
29 0.298656 0.635563 0.053687 0.138708
29 0.450828 0.648448 0.075406 0.115854
3 0.535539 0.473875 0.041578 0.148167
3 0.653570 0.437365 0.032609 0.090479
3 0.685102 0.455333 0.032328 0.119042
3 0.731734 0.434198 0.039750 0.086146
3 0.871352 0.457302 0.043828 0.119104
3 0.834273 0.447573 0.030016 0.109063
3 0.722266 0.518250 0.105219 0.105208
3 0.372742 0.479302 0.041859 0.126479
3 0.403062 0.432937 0.023813 0.043333
3 0.273258 0.529698 0.030578 0.074354
3 0.473555 0.465292 0.037328 0.117167
3 0.606477 0.445531 0.019953 0.075563
64 0.590375 0.425354 0.070750 0.049750
29 0.668758 0.643875 0.070984 0.167958
2 0.241062 0.528469 0.066562 0.078646
29 0.266414 0.637927 0.065422 0.117938
2 0.203281 0.539333 0.052594 0.065500
3 0.783906 0.465844 0.032406 0.112146
29 0.578477 0.638240 0.061734 0.151271
29 0.634070 0.641490 0.082672 0.161896
29 0.335938 0.638542 0.528125 0.135417
3 0.587500 0.456250 0.821875 0.708333