0 0.840805 0.580719 0.282516 0.390146
1 0.522078 0.395615 0.141688 0.164271
2 0.465320 0.711969 0.275797 0.447313
2 0.980367 0.428990 0.039234 0.210854
30 0.646344 0.458427 0.126406 0.139313
31 0.576938 0.534781 0.029313 0.026396
32 0.500359 0.492229 0.150750 0.057750
55 0.109898 0.839135 0.216453 0.299771
6 0.985617 0.271562 0.014953 0.056583
6 0.986141 0.115531 0.011875 0.058521
6 0.974797 0.269448 0.016594 0.057313
6 0.962398 0.267802 0.011453 0.055521
6 0.964938 0.352333 0.010531 0.043250
6 0.983219 0.198219 0.023531 0.057313
6 0.967211 0.193542 0.022328 0.056167
6 0.995023 0.201781 0.007047 0.045521
6 0.991656 0.273354 0.015813 0.050000
6 0.968242 0.116469 0.012453 0.056313
6 0.997039 0.119729 0.005922 0.044375
6 0.976914 0.115167 0.010859 0.055333
32 0.648117 0.493865 0.082047 0.033438
6 0.953164 0.420594 0.023828 0.037062
6 0.790625 0.385417 0.415625 0.291667