1 0.393703 0.513873 0.068719 0.074789
2 0.818078 0.777418 0.141719 0.363427
2 0.865313 0.544225 0.073000 0.055915
2 0.970813 0.625552 0.041219 0.121808
55 0.212570 0.806092 0.416547 0.365610
55 0.128289 0.602254 0.169266 0.221784
9 0.833102 0.722171 0.270328 0.385751
46 0.858914 0.581232 0.050484 0.028099
30 0.275820 0.637124 0.070953 0.030681
56 0.346180 0.679883 0.031922 0.011268
28 0.857086 0.589425 0.091641 0.046080
2 0.725602 0.573897 0.012359 0.045915
2 0.968203 0.569237 0.030750 0.038239
2 0.777414 0.674859 0.111953 0.260469
2 0.754289 0.561467 0.029484 0.058052
2 0.128805 0.596761 0.171172 0.215587
7 0.971500 0.212007 0.052531 0.069366