41 0.424328 0.805000 0.178406 0.272810
41 0.717789 0.579496 0.175047 0.166956
42 0.223391 0.632213 0.395813 0.451686
43 0.407594 0.296944 0.096094 0.347845
43 0.265305 0.230000 0.097328 0.331756
43 0.125586 0.208958 0.104547 0.337213
43 0.194312 0.303255 0.102031 0.195082
43 0.310289 0.286241 0.110047 0.252623
43 0.219141 0.125902 0.082469 0.181358
43 0.039625 0.237810 0.079250 0.148407
43 0.126312 0.251920 0.093375 0.220328
43 0.419844 0.266370 0.097812 0.305621
44 0.052477 0.391007 0.092953 0.224731
44 0.818266 0.468525 0.102438 0.155738
9 0.501500 0.533700 0.997000 0.910117
41 0.488406 0.858618 0.301219 0.261030