3 0.299617 0.606011 0.103797 0.352851
3 0.340242 0.399425 0.103641 0.243724
3 0.535414 0.406885 0.101766 0.255011
3 0.897242 0.457172 0.122828 0.372690
3 0.862930 0.818299 0.176391 0.344506
3 0.636992 0.811506 0.153266 0.368621
3 0.468539 0.614276 0.113984 0.394115
3 0.619352 0.543828 0.102328 0.283149
3 0.122477 0.770034 0.149016 0.416115
3 0.248969 0.832575 0.183281 0.307862
3 0.391430 0.828943 0.155047 0.331264
3 0.541461 0.814598 0.151203 0.325839
37 0.736781 0.784356 0.023906 0.060805
37 0.385234 0.787494 0.018563 0.066621
37 0.128406 0.706241 0.014781 0.055517
37 0.495523 0.226782 0.009922 0.020782
37 0.115648 0.251805 0.010828 0.049494
37 0.225664 0.256943 0.013141 0.036092
37 0.263047 0.820782 0.017656 0.062345
37 0.407883 0.258437 0.019297 0.094483
3 0.705578 0.585586 0.085031 0.323862
21 0.683836 0.602448 0.067422 0.187977
37 0.599242 0.229517 0.583609 0.135678
37 0.520906 0.793885 0.010594 0.046115
37 0.855477 0.827287 0.013609 0.096138
3 0.525781 0.519540 0.932813 0.951724