25 0.439211 0.480773 0.018828 0.043888
44 0.810367 0.908981 0.109453 0.141569
3 0.417555 0.648314 0.370328 0.662904
3 0.800852 0.701944 0.398297 0.594426
3 0.158180 0.662916 0.310359 0.647190
3 0.210727 0.555995 0.094297 0.353770
3 0.618727 0.502728 0.108641 0.285410
3 0.288914 0.445597 0.094859 0.132927
3 0.708680 0.437330 0.053703 0.130070
3 0.693844 0.481862 0.080156 0.107424
3 0.752422 0.437775 0.068187 0.140422
3 0.176531 0.445550 0.057469 0.167354
3 0.022664 0.497623 0.043484 0.132998
44 0.947930 0.894813 0.093578 0.174028