14 0.978305 0.359168 0.042328 0.098218
3 0.198586 0.594178 0.164172 0.749426
3 0.737742 0.584317 0.172766 0.648238
3 0.934469 0.487931 0.095750 0.525248
46 0.478078 0.707188 0.063156 0.086851
46 0.537234 0.705545 0.054562 0.066495
46 0.510594 0.708723 0.049062 0.067149
46 0.550383 0.685703 0.043266 0.050376
46 0.547727 0.661693 0.033484 0.061485
46 0.515125 0.650743 0.029469 0.045881
46 0.489383 0.655248 0.105453 0.066812
39 0.442266 0.604703 0.021375 0.029050
39 0.582914 0.672050 0.067359 0.048020
39 0.415945 0.571653 0.017328 0.017525
39 0.425852 0.568337 0.161109 0.129149
39 0.316562 0.512178 0.017969 0.023564
3 0.989461 0.419535 0.021078 0.223941
3 0.697609 0.341901 0.028437 0.081069
3 0.885836 0.352238 0.032078 0.089941
39 0.096430 0.411931 0.012047 0.015584
39 0.130961 0.350980 0.025734 0.033168
39 0.263570 0.441723 0.084453 0.092594