48 0.733922 0.269698 0.160688 0.538146
5 0.380914 0.143021 0.444266 0.283792
2 0.898312 0.192135 0.198875 0.208979
2 0.027875 0.318698 0.055750 0.234229
9 0.500844 0.613437 0.998312 0.744917
44 0.878141 0.411771 0.147625 0.269292
69 0.594945 0.824719 0.303359 0.242688
6 0.399438 0.397760 0.546063 0.215729
48 0.316766 0.056469 0.037062 0.103521
69 0.738437 0.809458 0.241656 0.221500
25 0.949828 0.532510 0.100344 0.141271
48 0.284227 0.056698 0.034266 0.113396
48 0.423656 0.055063 0.028719 0.110125
48 0.453148 0.056094 0.029891 0.111979
48 0.484828 0.054292 0.032563 0.108583
48 0.345773 0.054552 0.037016 0.103896
53 0.199133 0.631563 0.095797 0.122458
69 0.600875 0.708948 0.474094 0.330063
48 0.544844 0.056365 0.027781 0.101229