58 0.392773 0.651938 0.565734 0.676708
14 0.950695 0.227177 0.043172 0.042063
3 0.703109 0.396042 0.071625 0.244208
3 0.428992 0.293125 0.059766 0.076750
3 0.304211 0.585396 0.281453 0.721333
3 0.047039 0.478948 0.094078 0.417396
3 0.372555 0.285552 0.032297 0.093604
3 0.406539 0.287938 0.035922 0.080500
3 0.691820 0.256927 0.033078 0.097063
3 0.843031 0.237115 0.019844 0.072271
71 0.462367 0.490490 0.112047 0.236979
3 0.883352 0.242469 0.018953 0.074854
3 0.856992 0.231813 0.014016 0.076042
3 0.793703 0.240271 0.026219 0.067792
14 0.985602 0.224792 0.028797 0.032208
71 0.766547 0.378521 0.054406 0.043375
71 0.738844 0.294292 0.051719 0.055417
71 0.624930 0.611302 0.069516 0.165063
71 0.390789 0.575042 0.133141 0.145458
3 0.276758 0.282990 0.027672 0.060021
21 0.062070 0.388062 0.121172 0.121500
3 0.302258 0.317354 0.060891 0.108250
3 0.549219 0.563542 0.898438 0.672917