64 0.455036 0.214352 0.521520 0.260078
3 0.913800 0.495750 0.172399 0.593750
3 0.808895 0.494172 0.168052 0.503656
3 0.722150 0.488906 0.136366 0.467625
3 0.516888 0.557883 0.280380 0.773547
3 0.083017 0.507328 0.166033 0.561500
3 0.177732 0.438680 0.142162 0.422172
3 0.139430 0.130242 0.082565 0.093016
3 0.656948 0.490766 0.148670 0.559125
21 0.285677 0.486680 0.145748 0.144703
21 0.155629 0.470773 0.045131 0.119391
21 0.086971 0.516539 0.087102 0.049109
21 0.729941 0.486852 0.054941 0.092484
3 0.348064 0.641273 0.046580 0.165641
22 0.367530 0.407922 0.066746 0.144344
3 0.586211 0.271367 0.045297 0.059828
3 0.836948 0.132844 0.075226 0.082469
3 0.730677 0.218984 0.070760 0.068812
3 0.276057 0.553672 0.258575 0.475906
3 0.482185 0.389844 0.959620 0.779687