48 0.478711 0.668615 0.030172 0.159396
48 0.097633 0.659083 0.049359 0.152292
48 0.234055 0.552687 0.022172 0.082958
48 0.506180 0.716938 0.020766 0.086208
48 0.138758 0.452000 0.025484 0.089417
48 0.845773 0.682260 0.048734 0.060854
2 0.895789 0.873115 0.204109 0.231104
2 0.429266 0.918469 0.239750 0.140396
9 0.308820 0.775448 0.617641 0.181188
3 0.578391 0.507510 0.097906 0.374063
3 0.474766 0.536427 0.183156 0.341062
3 0.869664 0.741573 0.256172 0.480896
3 0.279414 0.538490 0.127016 0.369146
3 0.680805 0.719948 0.303547 0.553771
5 0.809836 0.534458 0.217422 0.404500
44 0.400734 0.719271 0.030500 0.060667
44 0.340945 0.704188 0.041859 0.063958
48 0.372953 0.532667 0.014813 0.066333
43 0.691023 0.286094 0.016609 0.058438
43 0.666359 0.286375 0.022344 0.058917
44 0.534125 0.743510 0.043031 0.113813
28 0.222367 0.453729 0.042016 0.033292
28 0.319758 0.753698 0.049484 0.043396
4 0.146992 0.549302 0.132047 0.112479
17 0.135883 0.627281 0.227672 0.182771
49 0.369109 0.570875 0.050562 0.019625
3 0.875813 0.736344 0.134125 0.120104
43 0.648977 0.286323 0.016359 0.058271
43 0.629422 0.285604 0.017313 0.053875
44 0.644492 0.360292 0.014828 0.044917
44 0.628078 0.360104 0.018563 0.045083
44 0.661992 0.363542 0.023391 0.054542
44 0.629930 0.213167 0.018859 0.048667
48 0.356945 0.536958 0.016984 0.052167
43 0.690648 0.360990 0.022891 0.046354