48 0.894469 0.354989 0.075250 0.257399
48 0.640391 0.378742 0.085781 0.280384
48 0.707977 0.271130 0.048203 0.114925
48 0.755797 0.270085 0.051125 0.114925
48 0.513039 0.489659 0.081047 0.348529
48 0.256492 0.488539 0.046859 0.240149
9 0.474273 0.564051 0.948547 0.844947
3 0.400906 0.094840 0.230031 0.189680
3 0.287898 0.072388 0.044797 0.117228
44 0.600602 0.603198 0.079734 0.151471
44 0.835367 0.479851 0.066672 0.121322
44 0.592898 0.343870 0.042203 0.090512
44 0.828766 0.390789 0.060750 0.055267
44 0.508719 0.120021 0.038375 0.075778
44 0.932688 0.161823 0.017094 0.029616
44 0.979102 0.167740 0.041797 0.053774
3 0.842547 0.085554 0.124625 0.169318
3 0.269914 0.108252 0.084953 0.158550