80 0.389456653125 0.159128978125 0.339273909375 0.01954215625 0.32457459843750003 0.026521495312499997 0.3361240578125 0.20240089375 0.379172034375 0.3810720265625 0.389456653125 0.159128978125
80 0.48397461093749994 0.4648241203125 0.454768478125 0.26242322812499996 0.402270946875 0.11446119531250001 0.3875716375 0.11864879843750001 0.3875716375 0.18006700312499999 0.4054208 0.175879396875 0.4526685796875 0.341987715625 0.471567690625 0.509491903125 0.48397461093749994 0.4648241203125
80 0.6919141203125 0.47040759374999996 0.7130563359375001 0.21915131250000003 0.7046567328125 0.0614182015625 0.6889074734375 0.060022334375 0.6542591015625 0.210776103125 0.6280103359375 0.62255723125 0.64375959375 0.5695142375 0.6941572265625 0.46761585625 0.6919141203125 0.47040759374999996
80 0.572191371875 0.6281407046874999 0.578662653125 0.5276381906250001 0.555563740625 0.1884422109375 0.5219653203125 0.033500839062499996 0.5020162578125 0.033500839062499996 0.4925667015625 0.22333891874999998 0.5125157640625 0.38525963281250003 0.5419143828124999 0.5262423218750001 0.5324648265625 0.62255723125 0.53876453125 0.68955890625 0.572191371875 0.6281407046874999
80 0.627851946875 0.6155778890625 0.6532091515625 0.2372975984375 0.64375959375 0.07118928125 0.6322101375 0.07118928125 0.5902121124999999 0.2568397546875 0.5734129015625 0.6281407046874999 0.586012309375 0.6072026796875 0.5975617671875 0.60999441875 0.5986117156249999 0.7328308203125 0.627851946875 0.6155778890625
80 0.742323696875 0.70212171875 0.8180514015625 0.3685092109375 0.8359005625 0.1661083203125 0.8264510078124999 0.1577331109375 0.771853575 0.294528196875 0.7697536734375 0.453657175 0.6910073718749999 0.7551647109374999 0.742323696875 0.70212171875
80 0.339047075 0.6281407046874999 0.239528596875 0.393634840625 0.1471329421875 0.2568397546875 0.13873333593749998 0.26661083125 0.1723317578125 0.40480178593750005 0.1807313625 0.39223897343749997 0.25317795625 0.498324959375 0.3235246484375 0.7035175890625001 0.339047075 0.6281407046874999
80 0.4682216171875 0.509491903125 0.44951872656249997 0.33361250781249996 0.402270946875 0.1730876609375 0.3875716375 0.174483528125 0.381271934375 0.362925740625 0.43691932031249997 0.7886655499999999 0.462118134375 0.7509771078125 0.4682216171875 0.509491903125
80 0.8936478484375 0.5248464546875 0.9062472546875 0.495533221875 0.9461453796875 0.3084868796875 0.935645871875 0.2987158 0.8401003656249999 0.45226130781249996 0.7624040171875001 0.6797878265625 0.790752684375 0.6267448359375 0.8778985890625 0.50670016875 0.8936478484375 0.5248464546875
80 0.2140733296875 0.6085985484374999 0.1597323484375 0.5080960359375 0.08098605 0.41317699531249996 0.061036987499999994 0.414572865625 0.0998851640625 0.562534896875 0.1418831875 0.6351200453125 0.13348358437500002 0.566722503125 0.15133274218749998 0.5527638203125 0.21117992968750002 0.614182021875 0.2140733296875 0.6085985484374999
80 0.4367156328125 0.7844779453124999 0.3203747953125 0.30290340625 0.25317795625 0.175879396875 0.24267845000000002 0.1814628703125 0.2647274140625 0.3726968171875 0.33402415625000004 0.62255723125 0.350823365625 0.614182021875 0.391771440625 0.7035175890625001 0.4211700578125 0.8961474031250001 0.4367156328125 0.7844779453124999
80 0.3222438828125 0.706309325 0.25422790625 0.5011166953124999 0.178631459375 0.395030709375 0.16498210156249998 0.40201005 0.1922808203125 0.5555555546875001 0.25422790625 0.709101059375 0.2720770671875 0.7104969296875 0.321424746875 0.7872696828125 0.3222438828125 0.706309325
80 0.52598259375 0.7202680078125 0.5408644328125 0.5248464546875 0.5177655171875 0.3838637640625 0.503066209375 0.3810720265625 0.4673678875 0.5206588484375 0.46001823281250004 0.7523729765625 0.47996729531250004 0.71747626875 0.49361665312499997 0.7202680078125 0.503066209375 0.8026242328125001 0.52598259375 0.7202680078125
80 0.6919141203125 0.7593523171875 0.7729035234375 0.443886096875 0.7813031296874999 0.290340590625 0.7739534734375 0.2847571203125 0.710956434375 0.40480178593750005 0.7057066828125 0.44249022812499994 0.72355584375 0.45086543749999997 0.7099064859374999 0.6072026796875 0.6206606796874999 0.9073143484375 0.6919141203125 0.7593523171875
80 0.5774423703125 0.9980457843749999 0.62276058125 0.90591848125 0.7088565359375 0.593243996875 0.72250589375 0.44807370156250004 0.7057066828125 0.4369067578125 0.6406097421875 0.566722503125 0.533514778125 0.996649915625 0.5774423703125 0.9980457843749999
80 0.248978153125 0.706309325 0.2227293875 0.644891121875 0.15238269531249998 0.561139028125 0.13453353437499999 0.561139028125 0.156582496875 0.706309325 0.282576575 0.9505862640625 0.250028103125 0.8333333312500001 0.248978153125 0.706309325
80 0.687713321875 1 0.8401003656249999 0.6867671703125 0.88839809375 0.5206588484375 0.8778985890625 0.510887771875 0.788652784375 0.6323283078124999 0.76765376875 0.6756002234375 0.7897027359375001 0.6728084875 0.759254165625 0.8109994421875 0.6552071015625 1 0.687713321875 1
80 0.5291331921875 1 0.5975617671875 0.7314349515624999 0.596511815625 0.6155778890625 0.5818125078125 0.60999441875 0.5219653203125 0.7244556125 0.4694677890625 0.996649915625 0.5291331921875 1
80 0.40520964687500005 1 0.41907015937500003 0.901730878125 0.3928213921875 0.7035175890625001 0.3487234640625 0.6113902859375 0.3371740078125 0.6113902859375 0.321424746875 0.730039084375 0.36957310312499997 1 0.40520964687500005 1
80 0.6520065390625 1 0.7550543625 0.8096035718750001 0.7855029328125 0.6797878265625 0.7729035234375 0.6714126171875 0.6973070765625 0.7509771078125 0.575512803125 0.996649915625 0.6520065390625 1
80 0.3632016640625 1 0.3172249453125 0.7788944734375 0.26997716562499996 0.7118927984375001 0.25632780781250003 0.713288665625 0.250028103125 0.8333333312500001 0.300578146875 1 0.3632016640625 1
80 0.4428281796875 1 0.4629706203125 0.9980457843749999 0.503066209375 0.813791178125 0.49361665312499997 0.7230597421875 0.47996729531250004 0.7188721375 0.43166956562500003 0.7998324953125 0.4058882421875 1 0.4428281796875 1