80 0.5015625 0.46484375 0.903125 0.0375
80 0.5015625 0.9328125 0.8921875 0.0484375
80 0.50234375 0.3796875 0.909375 0.0375
80 0.50234375 0.4234375 0.90625 0.04375
80 0.50390625 0.2984375 0.903125 0.04375
80 0.50390625 0.134375 0.896875 0.04375
80 0.5046875 0.7984375 0.89375 0.0453125
80 0.50625 0.08984375 0.896875 0.0375
80 0.50625 0.75234375 0.9015625 0.04375
80 0.50625 0.5046875 0.896875 0.0359375
80 0.50625 0.2546875 0.9 0.0375
80 0.50703125 0.33984375 0.8921875 0.0375
80 0.50703125 0.21484375 0.896875 0.0375
80 0.509375 0.58515625 0.8875 0.0390625
80 0.509375 0.5453125 0.89375 0.0375
80 0.509375 0.6265625 0.8890625 0.040625
80 0.509375 0.1734375 0.8890625 0.04375
80 0.5109375 0.84140625 0.88125 0.0515625
80 0.5109375 0.66953125 0.8875 0.0359375
80 0.51171875 0.88671875 0.878125 0.0390625
80 0.52734375 0.709375 0.8609375 0.0390625