1 0.69140625 0.49921875 0.6171875 0.9984375
3 0.49609375 0.79140625 0.528125 0.3578125
8 0.3140625 0.50234375 0.621875 0.45
8 0.5 0.15546875 1 0.3109375
7 0.67734375 0.471875 0.0203125 0.115625
6 0.68046875 0.4 0.125 0.009375
4 0.82734375 0.165625 0.184375 0.021875
6 0.6984375 0.36015625 0.1375 0.015625
6 0.68046875 0.33828125 0.0453125 0.084375
2 0.74921875 0.6125 0.315625 0.2484375
6 0.98046875 0.17890625 0.0375 0.0640625
5 0.565625 0.60078125 0.0921875 0.0578125
2 0.5703125 0.78046875 0.14375 0.246875