1 0.6828125 0.52421875 0.634375 0.9515625
2 0.82578125 0.471875 0.3484375 0.3859375
6 0.6203125 0.446875 0.096875 0.0875
8 0.5015625 0.20390625 0.996875 0.4078125
4 0.80703125 0.38203125 0.1609375 0.0609375
6 0.89140625 0.4484375 0.196875 0.0625
8 0.3140625 0.59453125 0.628125 0.3765625
5 0.5640625 0.6578125 0.096875 0.053125
0 0.55390625 0.56640625 0.240625 0.071875
2 0.74765625 0.70703125 0.29375 0.240625
3 0.4859375 0.84140625 0.5125 0.3171875
7 0.68046875 0.54140625 0.0171875 0.065625
6 0.67421875 0.50625 0.1421875 0.028125
2 0.5546875 0.825 0.134375 0.2296875