1 0.309375 0.6578125 0.61875 0.684375
3 0.51953125 0.8546875 0.446875 0.28125
8 0.65546875 0.57734375 0.6875 0.371875
8 0.46875 0.21328125 0.9375 0.4265625
2 0.24453125 0.73671875 0.28125 0.2453125
2 0.15234375 0.5578125 0.3046875 0.2875
0 0.3984375 0.58515625 0.23125 0.06875
4 0.12109375 0.43046875 0.165625 0.05
6 0.3125 0.48359375 0.11875 0.0859375
6 0.071875 0.50390625 0.14375 0.040625
6 0.27109375 0.54453125 0.125 0.034375
5 0.41640625 0.68125 0.090625 0.0546875
2 0.4515625 0.84609375 0.1 0.225
7 0.27265625 0.578125 0.0234375 0.0609375