1 0.278125 0.38125 0.55625 0.75625
3 0.40078125 0.15859375 0.56875 0.315625
8 0.61640625 0.415625 0.7671875 0.40625
8 0.5 0.8078125 1 0.384375
5 0.325 0.34375 0.0984375 0.053125
7 0.16796875 0.42890625 0.021875 0.165625
6 0.14609375 0.34453125 0.1171875 0.0875
6 0.159375 0.51875 0.159375 0.03125
6 0.1609375 0.5375 0.159375 0.01875
6 0.06015625 0.6671875 0.1203125 0.025
6 0.07578125 0.6765625 0.1515625 0.0375
6 0.02578125 0.5390625 0.0515625 0.0140625
4 0.065625 0.48125 0.13125 0.0203125
2 0.33359375 0.1671875 0.165625 0.240625