1 0.50703125 0.72734375 0.9859375 0.5453125
3 0.240625 0.64921875 0.40625 0.571875
8 0.43203125 0.30390625 0.41875 0.525
8 0.81171875 0.36015625 0.375 0.6625
2 0.69296875 0.7171875 0.328125 0.14375
2 0.4734375 0.74375 0.10625 0.259375
0 0.5375 0.55 0.0625 0.184375
7 0.54453125 0.825 0.040625 0.0625
7 0.559375 0.5796875 0.1 0.0546875
7 0.7046875 0.63125 0.103125 0.084375
7 0.65 0.64296875 0.0390625 0.075
7 0.5671875 0.6328125 0.040625 0.028125
5 0.415625 0.6125 0.0671875 0.071875
2 0.25546875 0.7140625 0.234375 0.24375
6 0.5859375 0.60234375 0.0375 0.084375
6 0.7265625 0.68984375 0.0765625 0.1046875