1 0.5 0.265625 1 0.53125
3 0.228125 0.3234375 0.45625 0.640625
8 0.45 0.68671875 0.5046875 0.6265625
8 0.85078125 0.6015625 0.2984375 0.796875
7 0.578125 0.29375 0.1359375 0.090625
6 0.671875 0.3453125 0.059375 0.1046875
6 0.65859375 0.3359375 0.046875 0.1140625
6 0.81875 0.31484375 0.09375 0.1015625
6 0.8046875 0.35078125 0.0828125 0.084375
6 0.90234375 0.15703125 0.0640625 0.11875
4 0.67578125 0.24453125 0.0671875 0.1234375
5 0.43515625 0.35703125 0.071875 0.08125
2 0.23984375 0.25390625 0.28125 0.2625