1 0.54609375 0.315625 0.9046875 0.63125
3 0.82578125 0.528125 0.296875 0.434375
8 0.6046875 0.69453125 0.346875 0.609375
8 0.21796875 0.528125 0.4359375 0.890625
2 0.69921875 0.31875 0.2234375 0.253125
2 0.49375 0.19140625 0.3375 0.3828125
0 0.571875 0.4734375 0.0625 0.1953125
7 0.7 0.21875 0.015625 0.0875
7 0.55078125 0.36875 0.0609375 0.009375
7 0.5171875 0.42265625 0.11875 0.0203125
7 0.48515625 0.30859375 0.121875 0.0515625
6 0.46171875 0.20546875 0.0109375 0.15625
7 0.41875 0.2765625 0.0375 0.159375
5 0.65703125 0.4671875 0.0515625 0.078125
2 0.81171875 0.46640625 0.2125 0.115625