1 0.49921875 0.30859375 0.9984375 0.6171875
3 0.79140625 0.50390625 0.3578125 0.528125
8 0.50234375 0.6859375 0.45 0.621875
8 0.15546875 0.5 0.3109375 1
7 0.471875 0.32265625 0.115625 0.0203125
6 0.4 0.31953125 0.009375 0.125
4 0.165625 0.17265625 0.021875 0.184375
6 0.36015625 0.3015625 0.015625 0.1375
6 0.33828125 0.31953125 0.084375 0.0453125
2 0.6125 0.25078125 0.2484375 0.315625
6 0.17890625 0.01953125 0.0640625 0.0375
5 0.60078125 0.434375 0.0578125 0.0921875
2 0.78046875 0.4296875 0.246875 0.14375