1 0.265625 0.5 0.53125 1
3 0.3234375 0.771875 0.640625 0.45625
8 0.68671875 0.55 0.6265625 0.5046875
8 0.6015625 0.14921875 0.796875 0.2984375
7 0.29375 0.421875 0.090625 0.1359375
6 0.3453125 0.328125 0.1046875 0.059375
6 0.3359375 0.34140625 0.1140625 0.046875
6 0.31484375 0.18125 0.1015625 0.09375
6 0.35078125 0.1953125 0.084375 0.0828125
6 0.15703125 0.09765625 0.11875 0.0640625
4 0.24453125 0.32421875 0.1234375 0.0671875
5 0.35703125 0.56484375 0.08125 0.071875
2 0.25390625 0.76015625 0.2625 0.28125