1 0.3421875 0.309375 0.684375 0.61875
3 0.1453125 0.51953125 0.28125 0.446875
8 0.42265625 0.65546875 0.371875 0.6875
8 0.78671875 0.46875 0.4265625 0.9375
2 0.26328125 0.24453125 0.24375 0.28125
2 0.4421875 0.15234375 0.2875 0.3046875
0 0.41484375 0.3984375 0.06875 0.23125
4 0.56953125 0.12109375 0.05 0.165625
6 0.51640625 0.3125 0.0859375 0.11875
6 0.49609375 0.071875 0.040625 0.14375
6 0.45546875 0.27109375 0.034375 0.125
5 0.31875 0.41640625 0.0546875 0.090625
2 0.15390625 0.4515625 0.225 0.1
7 0.421875 0.27265625 0.0609375 0.0234375