1 0.559375 0.3078125 0.8796875 0.615625
3 0.82421875 0.5328125 0.284375 0.4390625
7 0.58671875 0.31640625 0.134375 0.0203125
4 0.54140625 0.22109375 0.0125 0.1375
6 0.51328125 0.3015625 0.021875 0.13125
6 0.496875 0.30390625 0.009375 0.109375
8 0.2140625 0.4765625 0.428125 0.953125
6 0.3890625 0.1921875 0.0359375 0.15
6 0.38671875 0.22421875 0.034375 0.128125
6 0.38671875 0.01640625 0.08125 0.03125
8 0.5703125 0.6765625 0.35625 0.646875
5 0.65859375 0.43359375 0.0453125 0.09375
6 0.4828125 0.1578125 0.028125 0.15
2 0.82265625 0.459375 0.215625 0.10625