1 0.315625 0.54609375 0.63125 0.9046875
3 0.528125 0.82578125 0.434375 0.296875
8 0.69453125 0.6046875 0.609375 0.346875
8 0.528125 0.21796875 0.890625 0.4359375
2 0.31875 0.69921875 0.253125 0.2234375
2 0.19140625 0.49375 0.3828125 0.3375
0 0.4734375 0.571875 0.1953125 0.0625
7 0.21875 0.7 0.0875 0.015625
7 0.36875 0.55078125 0.009375 0.0609375
7 0.42265625 0.5171875 0.0203125 0.11875
7 0.30859375 0.48515625 0.0515625 0.121875
6 0.20546875 0.46171875 0.15625 0.0109375
7 0.2765625 0.41875 0.159375 0.0375
5 0.4671875 0.65703125 0.078125 0.0515625
2 0.46640625 0.81171875 0.115625 0.2125