1 0.47578125 0.3171875 0.9515625 0.634375
2 0.528125 0.17421875 0.3859375 0.3484375
6 0.553125 0.3796875 0.0875 0.096875
8 0.79609375 0.4984375 0.4078125 0.996875
4 0.61796875 0.19296875 0.0609375 0.1609375
6 0.5515625 0.10859375 0.0625 0.196875
8 0.40546875 0.6859375 0.375 0.628125
5 0.3421875 0.4359375 0.053125 0.096875
0 0.43359375 0.44609375 0.071875 0.240625
2 0.29296875 0.25234375 0.240625 0.29375
3 0.15859375 0.5140625 0.3171875 0.5125
7 0.45859375 0.31953125 0.065625 0.0171875
6 0.49375 0.32578125 0.028125 0.1421875
2 0.175 0.4453125 0.2296875 0.134375