1 0.6828125 0.5 0.634375 1
3 0.47421875 0.79140625 0.478125 0.396875
8 0.2859375 0.51796875 0.571875 0.446875
8 0.42265625 0.146875 0.8453125 0.29375
6 0.73671875 0.33046875 0.128125 0.046875
7 0.61953125 0.47109375 0.0375 0.1625
6 0.85546875 0.21953125 0.0765625 0.121875
6 0.68828125 0.21875 0.1125 0.0546875
6 0.65546875 0.21953125 0.109375 0.05
4 0.69375 0.40625 0.125 0.021875
6 0.6125 0.37890625 0.1078125 0.015625
6 0.60859375 0.359375 0.10625 0.009375
5 0.53125 0.57421875 0.0875 0.0625
2 0.54453125 0.7765625 0.140625 0.265625