1 0.721875 0.61875 0.55625 0.75625
3 0.59921875 0.84140625 0.56875 0.315625
8 0.38359375 0.584375 0.7671875 0.40625
8 0.5 0.1921875 1 0.384375
5 0.675 0.65625 0.0984375 0.053125
7 0.83203125 0.57109375 0.021875 0.165625
6 0.85390625 0.65546875 0.1171875 0.0875
6 0.840625 0.48125 0.159375 0.03125
6 0.8390625 0.4625 0.159375 0.01875
6 0.93984375 0.3328125 0.1203125 0.025
6 0.92421875 0.3234375 0.1515625 0.0375
6 0.97421875 0.4609375 0.0515625 0.0140625
4 0.934375 0.51875 0.13125 0.0203125
2 0.66640625 0.8328125 0.165625 0.240625