1 0.49296875 0.27265625 0.9859375 0.5453125
3 0.759375 0.35078125 0.40625 0.571875
8 0.56796875 0.69609375 0.41875 0.525
8 0.18828125 0.63984375 0.375 0.6625
2 0.30703125 0.2828125 0.328125 0.14375
2 0.5265625 0.25625 0.10625 0.259375
0 0.4625 0.45 0.0625 0.184375
7 0.45546875 0.175 0.040625 0.0625
7 0.440625 0.4203125 0.1 0.0546875
7 0.2953125 0.36875 0.103125 0.084375
7 0.35 0.35703125 0.0390625 0.075
7 0.4328125 0.3671875 0.040625 0.028125
5 0.584375 0.3875 0.0671875 0.071875
2 0.74453125 0.2859375 0.234375 0.24375
6 0.4140625 0.39765625 0.0375 0.084375
6 0.2734375 0.31015625 0.0765625 0.1046875