1 0.5 0.6828125 1 0.634375
3 0.79140625 0.47421875 0.396875 0.478125
8 0.51796875 0.2859375 0.446875 0.571875
8 0.146875 0.42265625 0.29375 0.8453125
6 0.33046875 0.73671875 0.046875 0.128125
7 0.47109375 0.61953125 0.1625 0.0375
6 0.21953125 0.85546875 0.121875 0.0765625
6 0.21875 0.68828125 0.0546875 0.1125
6 0.21953125 0.65546875 0.05 0.109375
4 0.40625 0.69375 0.021875 0.125
6 0.37890625 0.6125 0.015625 0.1078125
6 0.359375 0.60859375 0.009375 0.10625
5 0.57421875 0.53125 0.0625 0.0875
2 0.7765625 0.54453125 0.265625 0.140625