1 0.440625 0.6921875 0.8796875 0.615625
3 0.17578125 0.4671875 0.284375 0.4390625
7 0.41328125 0.68359375 0.134375 0.0203125
4 0.45859375 0.77890625 0.0125 0.1375
6 0.48671875 0.6984375 0.021875 0.13125
6 0.503125 0.69609375 0.009375 0.109375
8 0.7859375 0.5234375 0.428125 0.953125
6 0.6109375 0.8078125 0.0359375 0.15
6 0.61328125 0.77578125 0.034375 0.128125
6 0.61328125 0.98359375 0.08125 0.03125
8 0.4296875 0.3234375 0.35625 0.646875
5 0.34140625 0.56640625 0.0453125 0.09375
6 0.5171875 0.8421875 0.028125 0.15
2 0.17734375 0.540625 0.215625 0.10625