1 0.45390625 0.315625 0.9046875 0.63125
3 0.17421875 0.528125 0.296875 0.434375
8 0.3953125 0.69453125 0.346875 0.609375
8 0.78203125 0.528125 0.4359375 0.890625
2 0.30078125 0.31875 0.2234375 0.253125
2 0.50625 0.19140625 0.3375 0.3828125
0 0.428125 0.4734375 0.0625 0.1953125
7 0.3 0.21875 0.015625 0.0875
7 0.44921875 0.36875 0.0609375 0.009375
7 0.4828125 0.42265625 0.11875 0.0203125
7 0.51484375 0.30859375 0.121875 0.0515625
6 0.53828125 0.20546875 0.0109375 0.15625
7 0.58125 0.2765625 0.0375 0.159375
5 0.34296875 0.4671875 0.0515625 0.078125
2 0.18828125 0.46640625 0.2125 0.115625