1 0.72734375 0.49296875 0.5453125 0.9859375
3 0.64921875 0.759375 0.571875 0.40625
8 0.30390625 0.56796875 0.525 0.41875
8 0.36015625 0.18828125 0.6625 0.375
2 0.7171875 0.30703125 0.14375 0.328125
2 0.74375 0.5265625 0.259375 0.10625
0 0.55 0.4625 0.184375 0.0625
7 0.825 0.45546875 0.0625 0.040625
7 0.5796875 0.440625 0.0546875 0.1
7 0.63125 0.2953125 0.084375 0.103125
7 0.64296875 0.35 0.075 0.0390625
7 0.6328125 0.4328125 0.028125 0.040625
5 0.6125 0.584375 0.071875 0.0671875
2 0.7140625 0.74453125 0.24375 0.234375
6 0.60234375 0.4140625 0.084375 0.0375
6 0.68984375 0.2734375 0.1046875 0.0765625