1 0.690625 0.3421875 0.61875 0.684375
3 0.48046875 0.1453125 0.446875 0.28125
8 0.34453125 0.42265625 0.6875 0.371875
8 0.53125 0.78671875 0.9375 0.4265625
2 0.75546875 0.26328125 0.28125 0.24375
2 0.84765625 0.4421875 0.3046875 0.2875
0 0.6015625 0.41484375 0.23125 0.06875
4 0.87890625 0.56953125 0.165625 0.05
6 0.6875 0.51640625 0.11875 0.0859375
6 0.928125 0.49609375 0.14375 0.040625
6 0.72890625 0.45546875 0.125 0.034375
5 0.58359375 0.31875 0.090625 0.0546875
2 0.5484375 0.15390625 0.1 0.225
7 0.72734375 0.421875 0.0234375 0.0609375