1 0.734375 0.5 0.53125 1
3 0.6765625 0.228125 0.640625 0.45625
8 0.31328125 0.45 0.6265625 0.5046875
8 0.3984375 0.85078125 0.796875 0.2984375
7 0.70625 0.578125 0.090625 0.1359375
6 0.6546875 0.671875 0.1046875 0.059375
6 0.6640625 0.65859375 0.1140625 0.046875
6 0.68515625 0.81875 0.1015625 0.09375
6 0.64921875 0.8046875 0.084375 0.0828125
6 0.84296875 0.90234375 0.11875 0.0640625
4 0.75546875 0.67578125 0.1234375 0.0671875
5 0.64296875 0.43515625 0.08125 0.071875
2 0.74609375 0.23984375 0.2625 0.28125