1 0.6921875 0.559375 0.615625 0.8796875
3 0.4671875 0.82421875 0.4390625 0.284375
7 0.68359375 0.58671875 0.0203125 0.134375
4 0.77890625 0.54140625 0.1375 0.0125
6 0.6984375 0.51328125 0.13125 0.021875
6 0.69609375 0.496875 0.109375 0.009375
8 0.5234375 0.2140625 0.953125 0.428125
6 0.8078125 0.3890625 0.15 0.0359375
6 0.77578125 0.38671875 0.128125 0.034375
6 0.98359375 0.38671875 0.03125 0.08125
8 0.3234375 0.5703125 0.646875 0.35625
5 0.56640625 0.65859375 0.09375 0.0453125
6 0.8421875 0.4828125 0.15 0.028125
2 0.540625 0.82265625 0.10625 0.215625