1 0.69140625 0.4421875 0.6171875 0.88125
3 0.4546875 0.128125 0.378125 0.25625
8 0.31484375 0.3703125 0.628125 0.3578125
8 0.5359375 0.7625 0.928125 0.475
2 0.68203125 0.23046875 0.221875 0.2453125
2 0.81875 0.4390625 0.3625 0.353125
0 0.965625 0.778125 0.06875 0.115625
7 0.61171875 0.428125 0.04375 0.1296875
7 0.778125 0.21875 0.08125 0.021875
7 0.6609375 0.38515625 0.01875 0.0625
7 0.72890625 0.453125 0.025 0.134375
6 0.834375 0.4703125 0.146875 0.0203125
7 0.771875 0.52265625 0.1578125 0.025
5 0.7953125 0.2796875 0.1125 0.06875
2 0.52578125 0.125 0.0875 0.2171875