1 0.69140625 0.50078125 0.6171875 0.9984375
3 0.49609375 0.20859375 0.528125 0.3578125
8 0.3140625 0.49765625 0.621875 0.45
8 0.5 0.84453125 1 0.3109375
7 0.67734375 0.528125 0.0203125 0.115625
6 0.68046875 0.6 0.125 0.009375
4 0.82734375 0.834375 0.184375 0.021875
6 0.6984375 0.63984375 0.1375 0.015625
6 0.68046875 0.66171875 0.0453125 0.084375
2 0.74921875 0.3875 0.315625 0.2484375
6 0.98046875 0.82109375 0.0375 0.0640625
5 0.565625 0.39921875 0.0921875 0.0578125
2 0.5703125 0.21953125 0.14375 0.246875