1 0.684375 0.45390625 0.63125 0.9046875
3 0.471875 0.17421875 0.434375 0.296875
8 0.30546875 0.3953125 0.609375 0.346875
8 0.471875 0.78203125 0.890625 0.4359375
2 0.68125 0.30078125 0.253125 0.2234375
2 0.80859375 0.50625 0.3828125 0.3375
0 0.5265625 0.428125 0.1953125 0.0625
7 0.78125 0.3 0.0875 0.015625
7 0.63125 0.44921875 0.009375 0.0609375
7 0.57734375 0.4828125 0.0203125 0.11875
7 0.69140625 0.51484375 0.0515625 0.121875
6 0.79453125 0.53828125 0.15625 0.0109375
7 0.7234375 0.58125 0.159375 0.0375
5 0.5328125 0.34296875 0.078125 0.0515625
2 0.53359375 0.18828125 0.115625 0.2125