1 0.6828125 0.47578125 0.634375 0.9515625
2 0.82578125 0.528125 0.3484375 0.3859375
6 0.6203125 0.553125 0.096875 0.0875
8 0.5015625 0.79609375 0.996875 0.4078125
4 0.80703125 0.61796875 0.1609375 0.0609375
6 0.89140625 0.5515625 0.196875 0.0625
8 0.3140625 0.40546875 0.628125 0.375
5 0.5640625 0.3421875 0.096875 0.053125
0 0.55390625 0.43359375 0.240625 0.071875
2 0.74765625 0.29296875 0.29375 0.240625
3 0.4859375 0.15859375 0.5125 0.3171875
7 0.68046875 0.45859375 0.0171875 0.065625
6 0.67421875 0.49375 0.1421875 0.028125
2 0.5546875 0.175 0.134375 0.2296875