1 0.3171875 0.52421875 0.634375 0.9515625
2 0.17421875 0.471875 0.3484375 0.3859375
6 0.3796875 0.446875 0.096875 0.0875
8 0.4984375 0.20390625 0.996875 0.4078125
4 0.19296875 0.38203125 0.1609375 0.0609375
6 0.10859375 0.4484375 0.196875 0.0625
8 0.6859375 0.59453125 0.628125 0.375
5 0.4359375 0.6578125 0.096875 0.053125
0 0.44609375 0.56640625 0.240625 0.071875
2 0.25234375 0.70703125 0.29375 0.240625
3 0.5140625 0.84140625 0.5125 0.3171875
7 0.31953125 0.54140625 0.0171875 0.065625
6 0.32578125 0.50625 0.1421875 0.028125
2 0.4453125 0.825 0.134375 0.2296875