1 0.3171875 0.5 0.634375 1
3 0.514849314790178 0.20247573126195784 0.498924337402957 0.40243848806490606
8 0.6888003126424715 0.4737223805697317 0.5952947263671092 0.4535293680776327
8 0.5326333632991556 0.846406997254958 0.8607072851643933 0.3035861014480858
6 0.22819260402690134 0.6664676952975925 0.1305816146538925 0.0483658693507266
7 0.352749947988579 0.5244790952816842 0.0460162641334942 0.16293635200509052
6 0.10362861601268895 0.7787869766470463 0.08294969810012062 0.12276588534372675
6 0.27077517243512406 0.7776228239576838 0.11536605042954129 0.05599655601527189
6 0.3036286160126889 0.7764597659532294 0.11199538896415202 0.051272693348181166
4 0.2751328810506943 0.5901864586250929 0.1261464201718165 0.023329506683635516
6 0.3549498558359236 0.6165847792807296 0.10863137155129757 0.016879512014635622
6 0.35783251639680175 0.6360705759468661 0.10674132293077854 0.01061133068109026
5 0.4464357502271426 0.42032684993636654 0.09077548620519008 0.063518154678545