1 0.49863644613805735 0.734375 0.9972728922761147 0.53125
3 0.2270886990649236 0.678125 0.4541773981298472 0.64375
8 0.44817738300453663 0.3237551162600004 0.5083327339909267 0.6383092319513198
8 0.8484632084346975 0.41823965339781327 0.30307358313060495 0.8038212099154863
7 0.5740161576960128 0.719706008736806 0.13646474082661797 0.09378898043270852
6 0.6680661395456402 0.6703255642076394 0.05998405405833438 0.10606946846486114
6 0.6547303473911624 0.6793914396826046 0.04753859621281222 0.11515352773541672
6 0.8147638775435876 0.7042128677786118 0.09434087334017534 0.10374455547083343
6 0.8009104558024187 0.6679480594579867 0.08330337939029916 0.0863024823325695
6 0.8974395012765463 0.8639710339067715 0.0647533672900508 0.12024107123840296
4 0.6713860613850049 0.7711977331855909 0.06790563836728972 0.12500130642076393
5 0.4314155672387373 0.6530971241437851 0.07234769867214012 0.08292290919430556