1 0.3925827253226017 0.2892182420159342 0.7789154506452034 0.5782546276053777
3 0.1749243345238614 0.40539585682220214 0.3387997866147585 0.5779337495377815
8 0.4407416299986874 0.6194978092503424 0.43751049513144624 0.7610043814993153
8 0.8078125 0.5089564290046682 0.384375 0.9820871419906636
5 0.3569927352084334 0.33500210345698983 0.05713602076024671 0.09998327962517113
5 0.4357504520908971 0.18044864726792595 0.16651633794672147 0.026694195302004165
5 0.3504841141441756 0.15611858551030117 0.09227502471457934 0.11973348997087015
6 0.525244033611828 0.17446908339873013 0.03774403361182799 0.16028428213245363
6 0.5440577006080224 0.17657715267820231 0.025244033611827987 0.1599205692794722
6 0.6696386793534841 0.07956942352788483 0.02990235870696818 0.12103992570596289
6 0.679650349315428 0.09546720816762091 0.04367569863085592 0.15265363855894434
6 0.5401130054372075 0.04146636678482499 0.01616351087441501 0.05197167695960413
4 0.4839240138401644 0.07962794483978577 0.025660527680328827 0.13184103338609485