1 0.33176781490171975 0.44140625 0.66337185549318 0.8828125
3 0.5520272467206396 0.12708869906492357 0.3915544934412793 0.25417739812984713
8 0.6905624632516973 0.3663263775435876 0.6188750734966053 0.36146682435000627
8 0.5040234317033189 0.7598001633533535 0.9530186951594445 0.48039967329329303
2 0.3300471053816384 0.2286188619272978 0.23473128335537102 0.24660333098930573
2 0.20426029059146028 0.43800801834676434 0.38100649705932393 0.35523396330647133
0 0.07515480325461643 0.7779250121002483 0.07480964947960164 0.11602497579950324
7 0.41071833050555207 0.425866045768715 0.05054663387576941 0.12994203005422927
7 0.23333920171816525 0.21745916901069426 0.08239642017181659 0.022347698672140127
7 0.35924768373948385 0.38318364207972294 0.02202548620519007 0.06260908430895543
7 0.29484102498762804 0.4515478226996863 0.032042295341158676 0.13452044574527394
6 0.19027303369405532 0.4693489219375605 0.14793953301668675 0.02116699375348414
7 0.255516253390902 0.5213290575743759 0.1591226944820761 0.02591812626704133
5 0.21934530076822556 0.2784966629605701 0.11610303482570909 0.06940450585373252