1 0.30778974868458203 0.4424158007386847 0.6155794973691641 0.8832691014773694
1 0.522574408061917 0.17888106244614965 0.4556254576242765 0.28692939090137254
7 0.29233535828779594 0.4151220477136226 0.028138952503779003 0.13449317466803504
4 0.1943837056993123 0.4598800358097659 0.1382280420933748 0.013299951599006477
6 0.273214360989219 0.4884731893023663 0.13252407366340596 0.022638590162688033
6 0.2746025557416646 0.5048930748409857 0.10992103157003115 0.0100113251355733
8 0.4599085371140516 0.7859375 0.9198170742281032 0.428125
6 0.15660444268630702 0.612055614166793 0.15209312101845254 0.036810174471643364
6 0.18849918479379926 0.6145857165279252 0.13012711575678065 0.035120409444528634
8 0.6515360530402415 0.4336236254814745 0.6676241996611816 0.3600134086589618
5 0.413709100324701 0.34392882464459396 0.09638915258848364 0.04585792154477701
6 0.12768975838661795 0.5181056262670414 0.15163809471009332 0.028997674471643364