1 0.34758766071216735 0.3273082869734157 0.6951753214243347 0.6546165739468314
3 0.15438095170098803 0.527146755427067 0.28905023213979725 0.4616146879233554
8 0.43409749958966765 0.6620623270010787 0.3838753571381496 0.6758753459978426
8 0.78671875 0.5099801826078301 0.4265625 0.9598551933504222
2 0.2675495588457282 0.2583292356393632 0.24865923701106124 0.29402439620024123
2 0.44484667004765815 0.17551781490171978 0.29281834009531627 0.3197547365438744
0 0.4217985024323367 0.4201785396869491 0.07278648376465036 0.2348530348257091
4 0.5716449492686514 0.15094161804479456 0.05289099512873605 0.16824538896415206
6 0.5218609577900679 0.339563704770383 0.08801028896022593 0.12325379353213642
6 0.49734833279171564 0.09787417175369623 0.043134165583431285 0.14587906603337356
6 0.460200709007884 0.2949638557203227 0.03655688311602727 0.12680151741285456
5 0.3260183981302656 0.43311122964646936 0.05626936525911974 0.09349105042954128