1 0.49255993134822357 0.2984916474434367 0.9851198626964471 0.5953389077317437
3 0.743037100704735 0.39057840739305943 0.43288550620074384 0.5931656603337354
8 0.5355476625343405 0.7258597308896648 0.4432022679875681 0.5469457575747734
8 0.1807041325482966 0.6497111521931351 0.3614082650965932 0.6821529172311405
2 0.29385904611383984 0.29890332598299624 0.33482026385373886 0.1609463025772479
2 0.5146274644346394 0.28384597127872635 0.11833058477957223 0.26494332654882313
0 0.44154091315351307 0.4742385979184066 0.07108740363849116 0.18765048620519006
7 0.447317994004144 0.19887010572032265 0.04353598428423418 0.06462906603337353
7 0.4210486306885244 0.44340467774659 0.10254711124870504 0.05992827792830404
7 0.2781376927230177 0.3842266723195231 0.10705482878371626 0.08977955223856356
7 0.33337100227631156 0.3753739727490644 0.04255568114108117 0.07704717887824372
7 0.41571046733012357 0.3898702419709413 0.04193494292790554 0.03025406603337357
5 0.5663268974377473 0.41812579601852723 0.07053513192686936 0.07539614767057934