1 0.6488106068887092 0.309375 0.7023787862225817 0.61875
3 0.8395706845479586 0.51953125 0.29425273449408673 0.446875
8 0.5582715572717852 0.65546875 0.39187920691397976 0.6875
8 0.21328125 0.46875 0.4265625 0.9375
2 0.7296036173135503 0.24453125 0.2519335391920826 0.28125
2 0.5533797496042886 0.15234375 0.2963655007914229 0.3046875
0 0.5735629028112162 0.3984375 0.07547868778015676 0.23125
4 0.4269452817367422 0.12109375 0.054819195302004256 0.165625
6 0.47450092867546373 0.3125 0.08939277210332364 0.11875
6 0.5018149010953566 0.071875 0.04480769780928675 0.14375
6 0.5366432275009648 0.27109375 0.038012128529814504 0.125
5 0.6691338155850555 0.41640625 0.05732441818411545 0.090625