1 0.5620019290260897 0.694971128721799 0.8759961419478206 0.6100577425564019
1 0.829654968730088 0.5055761052483397 0.28948395472626987 0.452307478493266
7 0.5946730834261321 0.7109206149682494 0.1346113573360908 0.026571116211103706
4 0.5504696447724042 0.8041226513621795 0.014099957351999138 0.13808219685684692
6 0.5214083060948138 0.7223439584342742 0.023402232017817326 0.1322688444994821
6 0.5049747840944956 0.7192360750596627 0.010647693348181164 0.10981164764263518
8 0.220153246737724 0.5234375 0.4392156134627213 0.953125
6 0.3984622494429949 0.8259333771693586 0.03768290802036276 0.15167381596343468
6 0.39574578210531336 0.7937929652586997 0.03586586935072642 0.12972604135632898
6 0.39816389946685754 0.9920441627369737 0.08161362667090888 0.015911674526052622
8 0.574076036043907 0.3500002315936379 0.36377707208781407 0.6634676104201355
5 0.6651844834102236 0.5970807468951189 0.046403380012726814 0.09586046360606985
6 0.4926122387809947 0.86467485359571 0.02987040802036276 0.15130994292790553