1 0.38125 0.721875 0.75703125 0.55546875
3 0.15859375 0.59921875 0.315625 0.56953125
8 0.415625 0.38359375 0.40546875 0.7671875
8 0.8078125 0.5 0.384375 1
5 0.34375 0.675 0.053125 0.0984375
5 0.42890625 0.83203125 0.16484375 0.02109375
5 0.34453125 0.85390625 0.0875 0.1171875
6 0.51875 0.840625 0.03203125 0.159375
6 0.5375 0.8390625 0.01875 0.159375
6 0.6671875 0.93984375 0.025 0.1203125
6 0.6765625 0.92421875 0.0375 0.1515625
6 0.5390625 0.97421875 0.0140625 0.0515625
4 0.48125 0.934375 0.0203125 0.13046875