1 0.4887056502274615 0.3171875 0.977411300454923 0.634375
2 0.5352238700756746 0.16641367338789678 0.4001352401513493 0.33282734677579356
6 0.5685960800752371 0.3539252890845265 0.09144735376405215 0.10095037799792808
8 0.79609375 0.48464671195344006 0.4078125 0.9692934239068801
4 0.6258316240300074 0.1641863928896334 0.0674952006080222 0.16377570967712846
6 0.5559873562355102 0.09139865291687474 0.07052204152049342 0.18279730583374948
8 0.43341856132933787 0.66705248945603 0.4005941324701453 0.6455909057054058
5 0.3599505919382352 0.4199998610438172 0.057072353764052244 0.09934933664159917
0 0.45177067741349874 0.4258987965281246 0.08167971741393636 0.24397263192686935
2 0.30325096988539424 0.23869851116765176 0.25259439528454564 0.30495728949430206
3 0.17954019174795482 0.5066758773787555 0.33807027475176044 0.527273245242489
7 0.4716136507217531 0.29817190281443084 0.06632533695813833 0.020244033498446078
6 0.5070245687065306 0.30278447415454907 0.03391869665368965 0.14349744292790537