1 0.5 0.6828125 1 0.634375
3 0.20859375 0.47421875 0.39609375 0.478125
8 0.48203125 0.2859375 0.44765625 0.57109375
8 0.853125 0.42265625 0.29375 0.8453125
6 0.66953125 0.73671875 0.04765625 0.12734375
7 0.52890625 0.61953125 0.1625 0.0375
6 0.78046875 0.85546875 0.12109375 0.0765625
6 0.78125 0.68828125 0.0546875 0.1125
6 0.78046875 0.65546875 0.05 0.109375
4 0.59375 0.69375 0.021875 0.12578125
6 0.62109375 0.6125 0.01484375 0.1078125
6 0.640625 0.60859375 0.01015625 0.10625
5 0.42578125 0.53125 0.06171875 0.0875