1 0.28017351411925795 0.5 0.5603470282385159 1
3 0.34589676867160446 0.7719295637023309 0.653900519133823 0.4561408725953383
8 0.6910492061558104 0.5739807471744112 0.6179015876883792 0.5265675446346734
8 0.6015625 0.1702257753973795 0.796875 0.32626498818873645
7 0.3060253087881239 0.43213297603820083 0.09458037727617326 0.1391021947351895
6 0.354859962390763 0.34018357821511913 0.1064151360516619 0.0630307680561673
6 0.3458714072970558 0.35313744600113395 0.11542642319868043 0.05085815027015243
6 0.320117586368231 0.19224458601966746 0.10429034639736087 0.09729664065150559
6 0.35646426332783515 0.20756205117327714 0.08678459765100204 0.08575893992586625
6 0.15987275666391756 0.10313990208425101 0.12061402837152993 0.06820934137714504
4 0.25396505212420634 0.3327579694147789 0.12539245658477532 0.07149803248413758
5 0.37346652454409923 0.5773115559826005 0.08334134890464329 0.07471231252120454