1 0.45390625 0.684375 0.9046875 0.63125
3 0.17421875 0.471875 0.29765625 0.43515625
8 0.3953125 0.30546875 0.346875 0.60859375
8 0.78203125 0.471875 0.4359375 0.890625
2 0.30078125 0.68125 0.2234375 0.25390625
2 0.50625 0.80859375 0.3375 0.3828125
0 0.428125 0.5265625 0.06328125 0.1953125
7 0.3 0.78125 0.015625 0.08671875
7 0.44921875 0.63125 0.0609375 0.01015625
7 0.4828125 0.57734375 0.11953125 0.0203125
7 0.51484375 0.69140625 0.121875 0.0515625
6 0.53828125 0.79453125 0.0109375 0.15703125
7 0.58125 0.7234375 0.03671875 0.15859375
5 0.34296875 0.5328125 0.0515625 0.078125