1 0.54609375 0.31316838534610747 0.9046875 0.6263367706922149
3 0.82578125 0.48484763851392615 0.296875 0.4499335594746528
8 0.6046875 0.6628409209647861 0.346875 0.627553948438805
8 0.21796875 0.5167017418593997 0.4359375 0.9134715162812007
2 0.69921875 0.282105498079436 0.2234375 0.26483486318355454
2 0.49375 0.1828899858665058 0.3375 0.3657799717330116
0 0.571875 0.4434668012225108 0.0625 0.19858798620519008
7 0.7 0.18206455450187115 0.015625 0.08831887155129751
7 0.55078125 0.33988477781676246 0.0609375 0.012568599050060313
7 0.5171875 0.3955516016520521 0.11875 0.026535923789861117
7 0.48515625 0.283167788332212 0.121875 0.05794969810012063
6 0.46171875 0.1812710956591583 0.0109375 0.15682321008590824
7 0.41875 0.25461674242522647 0.0375 0.16134029172311407
5 0.65703125 0.43275395126793936 0.0515625 0.08082727611928178