1 0.2722565331022049 0.5004110967887824 0.5445130662044098 0.9991778064224353
3 0.3331066006862494 0.7777586663266293 0.5813305737069447 0.43622069877748937
8 0.6828741306058677 0.6044494776103045 0.5347465144363891 0.44626408412359664
8 0.6354614552627429 0.22181404002563337 0.6712282218833335 0.40972015377501486
2 0.27566626833302055 0.32185282507848506 0.15138719414791693 0.3356586182719372
2 0.24399412177215235 0.5399919934412793 0.2618479962002779 0.11984326775153882
0 0.43923519301055514 0.48608350067736855 0.1858297036472223 0.0721626843053107
7 0.16439884717086767 0.46464011137453226 0.0634455573706945 0.04390048620519007
7 0.41005683928708303 0.46265264472990325 0.05701502583555573 0.10286605042954129
7 0.3618765252668748 0.31463786861062143 0.0867752610179167 0.10754690637700656
7 0.34888490957555524 0.3687112149471483 0.07590918977951393 0.04299308344622812
7 0.35711367724298576 0.45205598145549164 0.029070557370694507 0.042098968792335614
5 0.3738985208984717 0.6046830144721784 0.07343880642076392 0.0709543091359686