3 0.3711088054330765 0.8033795300542292 0.5788532704880638 0.3932409398915414
8 0.6577240580653552 0.5561889718906783 0.6780361799325924 0.525802035122395
8 0.5062131176828344 0.14357482152133597 0.9422612646343312 0.28672239616592987
7 0.25352743745565454 0.46945956888905727 0.0604476623713948 0.18472043364502538
5 0.3457871394474443 0.5918754452542945 0.09105224687674199 0.07396474082661797
6 0.2760205818730685 0.36333683391617194 0.14381363251355736 0.011773813035324831
6 0.28003591618202395 0.344609559813871 0.12512726502711463 0.02260222872636941
6 0.20674438280814492 0.18480276775758914 0.12698065651766247 0.07261131908544902
6 0.2434494972695255 0.18736014119596017 0.11911361436318471 0.06319086729005097
6 0.03173354074014252 0.14628010236113215 0.06346708148028504 0.08787270472226431
4 0.171959795768715 0.3892948250373774 0.14703862646343313 0.02897949375348414