1 0.69140625 0.48807060544519854 0.6171875 0.9761412108903971
3 0.5375695940732192 0.762512079419188 0.5468771585247133 0.38857227844508485
8 0.3403892203742152 0.48405169240395834 0.6454585006773685 0.48622009414539596
8 0.5 0.15546875 1 0.3109375
7 0.702073670849185 0.43242421906525347 0.026372149479601602 0.11680806840173404
6 0.7014318617132165 0.36036720854190973 0.12549132293077853 0.016655420933747854
4 0.8360237884437536 0.11743771394475591 0.18552142017181658 0.03261362087727822
6 0.7173124892574079 0.3194768980326835 0.13831887155129757 0.02363346302712275
6 0.6981973190855912 0.2986484585419097 0.049734406377006476 0.08701415258848363
2 0.7813185148108628 0.5688629770283484 0.3286450576656305 0.26682056285771355
6 0.9847080712910984 0.1218004483009147 0.030583857417803274 0.06624662628012441
5 0.5971106111473896 0.5678373452747907 0.0952173247398008 0.06318181043863902