1 0.6860119110699257 0.54609375 0.6279761778601486 0.9046875
3 0.5007119166818572 0.82578125 0.4447421034428626 0.296875
8 0.3265849028020412 0.6046875 0.6214881419174499 0.346875
8 0.4794866364751543 0.21796875 0.9058482729503087 0.4359375
2 0.705667256793058 0.69921875 0.26092760943331256 0.2234375
2 0.8142683750424091 0.49375 0.37146324991518187 0.3375
0 0.5465328150530933 0.571875 0.19749504809323426 0.0625
7 0.8056945386442234 0.7 0.08804563702330839 0.015625
7 0.6504837050716267 0.55078125 0.011502984390903493 0.0609375
7 0.5954043354715133 0.5171875 0.024459341377145095 0.11875
7 0.7083482795737307 0.48515625 0.05581846878180681 0.121875
6 0.8106548240387678 0.46171875 0.15663194591631607 0.0109375
7 0.7380605722246694 0.41875 0.16068452885594056 0.0375
5 0.5557565368301249 0.65703125 0.07992560217691817 0.0515625