3 0.7849620894042388 0.6663087477366924 0.41052625534376935 0.5971980630926975
8 0.5424780388628782 0.3680096093383673 0.5415154940609982 0.7023503098133371
8 0.14029538522698556 0.5003385939616777 0.28059077045397113 0.9553646879233554
7 0.44632783524760383 0.7682752029613606 0.18610263605166183 0.06903768430531088
5 0.5709079495916534 0.6816936510614813 0.07607441818411545 0.09447369629109836
6 0.3407143327403213 0.7408318764125376 0.015120197809286662 0.14432321008590812
6 0.32207799300687806 0.7359429805509805 0.025512128529814503 0.1261464201718166
6 0.16054344794230066 0.8018092407277457 0.07555759263643717 0.13032930913596844
6 0.1639556044479337 0.7652133214604404 0.06595527210332372 0.12202548620519024
6 0.11792873594724904 0.9706505543304994 0.08936402837152993 0.05869889133900123
4 0.364253469649913 0.8461302080497433 0.032398626022532004 0.1483489687923356