1 0.4421875 0.69140625 0.88203125 0.6171875
3 0.128125 0.4546875 0.25625 0.378125
8 0.3703125 0.31484375 0.3578125 0.62890625
8 0.7625 0.5359375 0.47421875 0.928125
2 0.23046875 0.68203125 0.2453125 0.221875
2 0.4390625 0.81875 0.353125 0.36171875
0 0.778125 0.965625 0.115625 0.06875
7 0.428125 0.61171875 0.1296875 0.04453125
7 0.21875 0.778125 0.02265625 0.08125
7 0.38515625 0.6609375 0.0625 0.01875
7 0.453125 0.72890625 0.13515625 0.02578125
6 0.4703125 0.834375 0.0203125 0.146875
7 0.52265625 0.771875 0.02421875 0.1578125
5 0.2796875 0.7953125 0.06875 0.11171875