1 0.3421875 0.690625 0.684375 0.61796875
3 0.1453125 0.48046875 0.28046875 0.44765625
8 0.42265625 0.34453125 0.371875 0.68828125
8 0.78671875 0.53125 0.4265625 0.9375
2 0.26328125 0.75546875 0.24453125 0.28125
2 0.4421875 0.84765625 0.2875 0.3046875
0 0.41484375 0.6015625 0.06953125 0.23125
4 0.56953125 0.87890625 0.05 0.16640625
6 0.51640625 0.6875 0.0859375 0.11796875
6 0.49609375 0.928125 0.03984375 0.14296875
6 0.45546875 0.72890625 0.034375 0.12421875
5 0.31875 0.58359375 0.0546875 0.08984375