1 0.6836582373861283 0.4924162466947403 0.6326835252277434 0.9811089904849781
2 0.8306510604330288 0.43341362014455437 0.33869787913394234 0.4021662373846063
6 0.6359177188666247 0.4179834809789746 0.09993056733052796 0.09201202564056317
8 0.5015625 0.20383347539289415 0.996875 0.4076669507857883
4 0.8203720752198942 0.34444316542982467 0.1630654843909035 0.0684332845319033
6 0.9037686292611692 0.4069195866461083 0.19246274147766157 0.07166960049533806
8 0.3348239887368906 0.5799035539717227 0.6412748522617362 0.4058178920565547
5 0.5870338186812903 0.6315408668347855 0.09873016587924913 0.057637025640563166
0 0.5736855920949353 0.5406076517809735 0.2431349303072194 0.08308228949430205
2 0.7723463253047124 0.6722086004998472 0.30215281015895173 0.2543066261359012
3 0.5153200537051659 0.8187733471900783 0.5235764315731638 0.3410575711307214
7 0.6993750728576416 0.5097129086053991 0.019479175497895972 0.06642552067816432
6 0.6918973895551973 0.4748477570338225 0.14316964664195525 0.034747489246633026