1 0.33203125 0.4390625 0.6640625 0.878125
3 0.5000876529260415 0.16087040604771718 0.6418667237831948 0.32174081209543437
8 0.6562967128621872 0.38916272240715516 0.6740259135627087 0.3725560275928449
0 0.4274625448341663 0.4236134090939048 0.2766001740119446 0.07355014285525989
2 0.19923105490215254 0.29796239285855514 0.36959037385944465 0.24385473457542917
2 0.15071434066352415 0.49417491964391635 0.3014286813270483 0.31633766071216735
8 0.49321744424482616 0.7826787175358912 0.9864348884896523 0.43464256492821746
4 0.19221210980430503 0.5995248928585551 0.15494337955902787 0.08079780681713337
7 0.2755000013311802 0.44344644237208775 0.02213087955902786 0.0784795560063543
6 0.07366866365961784 0.5392340495135326 0.14733732731923568 0.049656900972934716
6 0.2807680763693051 0.4855248482162864 0.17416485182361113 0.03427736282348768
5 0.4137832109623261 0.3402923944834082 0.12620013050895834 0.05374438311602718