1 0.4893523843843937 0.6828125 0.9787047687687874 0.634375
3 0.7637861530825938 0.5156945940732193 0.42472261007158585 0.498924337402957
8 0.5013147871140516 0.31308309192551276 0.48018292577189675 0.595294726367109
8 0.146875 0.43035364258219666 0.29375 0.8607072851643933
6 0.2875597691217232 0.7540378833099425 0.05433743145709169 0.13058161465389267
7 0.4350101637471118 0.6442202272716202 0.1646841262801244 0.046016264133494286
6 0.16970586923466263 0.8669738952957301 0.12633425782192056 0.08294969810012062
6 0.1786621822335505 0.6997454517181653 0.061239878840373144 0.11536605042954129
6 0.1813545427286593 0.6669738952957301 0.05637036831702939 0.11199538896415202
4 0.36584366381769906 0.7150406603337356 0.029155420933747855 0.1261464201718166
6 0.3432321874246352 0.6323576351189648 0.02190436305535757 0.10863137155129757
6 0.3239284505788148 0.627427795679843 0.015563357793685739 0.10674132293077854
5 0.5432769610315713 0.5613435295101838 0.06759629465362345 0.09077548620519008