1 0.49486307774574634 0.7078936208222217 0.9897261554914927 0.5795252583555565
1 0.49483580205236094 0.7102373708222218 0.9896716041047219 0.5795252583555565
3 0.2245067512827256 0.6282840816876387 0.4490135025654512 0.7230829690335419
8 0.47860943037711773 0.3112803792746874 0.5083334040634032 0.6225607585493748
8 0.8477568610385762 0.4217499466196525 0.3043044399669451 0.843499893239305
2 0.45997691879052016 0.8021345833031592 0.19775435429215307 0.3778379785328475
2 0.7342859345580897 0.8254213872553813 0.43387238582729176 0.3239908523922921
6 0.6588911167381593 0.5757500019967703 0.11082970364722229 0.065045731382639
7 0.5988783774717354 0.6716268528704509 0.05705008700597212 0.03568423328249999
6 0.6320909209747217 0.6536756334556592 0.03386846656499998 0.11322735182361114
6 0.7730399632434368 0.8042178812714577 0.12500261284152786 0.1372116721120836
5 0.42615069871013833 0.611619339287083 0.08027068787965294 0.09400587955902787