1 0.50703125 0.72734375 0.98515625 0.54453125
3 0.240625 0.64921875 0.40625 0.571875
8 0.43203125 0.30390625 0.41875 0.52578125
8 0.81171875 0.36015625 0.37578125 0.66171875
2 0.69296875 0.7171875 0.32734375 0.14375
2 0.4734375 0.74375 0.10625 0.25859375
0 0.5375 0.55 0.0625 0.18515625
7 0.54453125 0.825 0.03984375 0.06328125
7 0.559375 0.5796875 0.09921875 0.0546875
7 0.7046875 0.63125 0.10234375 0.08359375
7 0.65 0.64296875 0.0390625 0.075
7 0.5671875 0.6328125 0.040625 0.028125
5 0.415625 0.6125 0.0671875 0.071875