1 0.720703125 0.4910070367875422 0.55859375 0.9820140735750844
1 0.721875 0.49095928654039644 0.55625 0.9819185730807929
3 0.6386923467887824 0.22208392908774774 0.7226153064224352 0.4441678581754955
8 0.34031065524535287 0.47310860026683016 0.6524388410210016 0.5192804654739509
8 0.47698729816623375 0.8402085755522506 0.8711534622336148 0.3192645139145263
2 0.8233533700809594 0.44576757848081927 0.353293259838081 0.20427891209045956
2 0.8571352278374471 0.7195579055531258 0.2857295443251058 0.43935956623507266
6 0.6266586702833582 0.6485582919404228 0.06823210085908257 0.11192167984777565
7 0.7181600955435574 0.5868939386706622 0.03732293758467105 0.05765067391627667
6 0.7026922258012821 0.6204067756288005 0.11413774310259513 0.03583402372599629
6 0.8641730376507841 0.7586668265036529 0.14084408525525022 0.1289128616727176
5 0.64496717774659 0.4152855355146322 0.09628185775648763 0.08188135277546901