1 0.7038712137774182 0.6306464942090317 0.5782546276053777 0.7387070115819364
3 0.5747363285836862 0.8491289166659151 0.5779337495377816 0.3017421666681699
8 0.3780471289920329 0.602241166044488 0.7560942579840658 0.441982332088976
8 0.5 0.21547537427387436 1 0.43095074854774873
5 0.655905075218474 0.6876886302697305 0.09998327962517113 0.05770980024766885
5 0.8154141190294102 0.609846228283869 0.026694195302004432 0.16664384449948208
5 0.8348340572717852 0.6952400727833511 0.11973348997087001 0.09295809553293939
6 0.8266220551602143 0.5204027386229513 0.16028428213245363 0.038673009924797344
6 0.8256051244396863 0.5015799640158454 0.15992056927947224 0.02617300992479734
6 0.9301598952893688 0.37658642617417326 0.12103992570596275 0.030603644747151028
6 0.914807679929105 0.36648368010311466 0.15265363855894448 0.0445591368892682
6 0.960806838546309 0.5063124675305021 0.0519716769596041 0.01646406203449331
4 0.9192809166012698 0.5622692150493027 0.1318410333860946 0.026425566996892157