1 0.32893535528410806 0.5 0.6578707105682161 1
3 0.5361535835724593 0.809003044001701 0.5427047421285156 0.37625503138782934
8 0.6931504459122523 0.5262972153232457 0.6136991081754954 0.4717163535276807
8 0.5 0.17292913474587385 1 0.3458582694917477
7 0.34188368285070625 0.4831424045313216 0.025023857718384956 0.11633432813030105
6 0.3358300010257642 0.41115827712666003 0.12538200197716637 0.01374009618646852
4 0.1794049515966055 0.17165428910755956 0.18526633794672148 0.028313516875040978
6 0.31623774262280724 0.3706870445498552 0.13813666996194396 0.020426605805115284
6 0.33331515467608575 0.34943952712666004 0.04875051779449713 0.08595734736759483
2 0.2757387125082015 0.6212574742241024 0.3257480523949082 0.25945936787083285
6 0.026821121064257825 0.1795882962791357 0.04011034684397006 0.06537202885594055
5 0.45885496003674353 0.6159499592479779 0.09454317885919253 0.06103175843752044