1 0.50078125 0.69140625 0.9984375 0.6171875
3 0.20859375 0.49609375 0.3578125 0.52890625
8 0.49765625 0.3140625 0.45078125 0.62265625
8 0.84453125 0.5 0.3109375 1
7 0.528125 0.67734375 0.11484375 0.0203125
6 0.6 0.68046875 0.01015625 0.12578125
4 0.834375 0.82734375 0.021875 0.18515625
6 0.63984375 0.6984375 0.01640625 0.13671875
6 0.66171875 0.68046875 0.084375 0.0453125
2 0.3875 0.74921875 0.2484375 0.315625
6 0.82109375 0.98046875 0.0640625 0.03828125
5 0.39921875 0.565625 0.0578125 0.0921875