1 0.4292794343702762 0.66796875 0.8585588687405524 0.6640625
3 0.15728994876928665 0.49609375 0.3145798975385733 0.634375
8 0.3813061240022243 0.334375 0.3997057414722077 0.665625
0 0.3984881057981343 0.5625 0.0847669260542454 0.275
2 0.2553318270707007 0.79375 0.25870422596954085 0.3640625
2 0.4476411534355297 0.8453125 0.32895654181102607 0.309375
8 0.7622845662650083 0.5 0.47543086746998336 1
4 0.5568943270707006 0.79375 0.08704351564384112 0.153125
7 0.406848095415965 0.7140625 0.07930806840173403 0.0203125
6 0.48702290087528094 0.9203125 0.05615753669052861 0.159375
6 0.4493996164626523 0.7078125 0.04135158404557515 0.1734375
5 0.31398430318141585 0.578125 0.05884292093374795 0.125