1 0.3085482473691641 0.44140625 0.6170964947383282 0.8828125
3 0.5378500685429084 0.12501581655966126 0.3930498629141832 0.2500316331193225
8 0.6635880029837717 0.35835305317027594 0.6489652049228534 0.36877646265803665
8 0.4487736160391294 0.754399758931749 0.8975472320782588 0.491200482136502
2 0.30454547390340225 0.2249185848236058 0.23616282608248032 0.24918534253094826
2 0.17360555801956468 0.43589876948176054 0.34721111603912935 0.359452461036479
0 0.01339828718463879 0.7775249821430925 0.02679657436927758 0.11682503571381489
7 0.3633458083019134 0.42134752557084054 0.05130343671876343 0.13045115909060953
7 0.20913426336594113 0.21487715746905173 0.08252407366340594 0.023293224025417735
7 0.31662970299788923 0.37923789204777625 0.022390210466874016 0.0628272824674041
7 0.2447022241151638 0.448393040992116 0.032826452503779004 0.13481137662320553
6 0.13823241623677346 0.46742150487126394 0.14805806840173402 0.022876212661331864
7 0.1976837399707665 0.5186743133132504 0.1592685841867496 0.027754627433984425
5 0.18839755816073903 0.2761146663975055 0.11650423151356133 0.0707136948044245