1 0.27651703589337734 0.5 0.5530340717867547 1
3 0.4009557800873895 0.2506111361181689 0.5801160266556702 0.40717393481065595
8 0.6515933114284204 0.5165243264721152 0.6792187678801817 0.48655520942126207
8 0.4815034349436699 0.8525480576674968 0.9630068698873397 0.2936308896795715
5 0.3569460526529318 0.44860000673042466 0.10485263605166191 0.062375631037096826
6 0.26206414700522856 0.6511914608079173 0.13519335391920828 0.03203491316955045
6 0.17459157607640377 0.8137573084589196 0.134949313011266 0.07730194906292809
6 0.2185916286628285 0.8038905634734845 0.12061402837152997 0.06751777210332363
6 0.012701959158564757 0.8750538242940371 0.025403918317129515 0.062392351411925874
7 0.24666411902941004 0.5634330480340782 0.06066001834240007 0.1531992078384164
2 0.3287625313410308 0.2636399850228122 0.19817204169936514 0.2649216210079671