3 0.22230996497965938 0.62421875 0.4172431215957305 0.5765625
8 0.461471988174183 0.3390625 0.5493791423559772 0.675
8 0.8598365857224094 0.49296875 0.28032682855518126 0.940625
7 0.5623367401885304 0.74375 0.1867943458553869 0.059375
5 0.4366735539149641 0.65078125 0.07713018577927463 0.090625
6 0.6676954022418089 0.721875 0.01679486364988403 0.14375
6 0.6862862347513229 0.71796875 0.026968359695551315 0.125
6 0.8486854170705567 0.7921875 0.07703202669174587 0.1265625
6 0.8448454926599883 0.75546875 0.06733869171077381 0.11875
6 0.8933479541424255 0.96796875 0.09011034684397004 0.0640625
4 0.645366757488736 0.82578125 0.034109697642272785 0.146875
2 0.20479881281221263 0.69296875 0.32383804250907655 0.2015625