1 0.45836021313812597 0.3163121615229462 0.9135954262762519 0.6325697759679917
3 0.1567036171402834 0.5475489301939278 0.27606669154139996 0.3825978603878557
8 0.40622001752439624 0.6872173792607084 0.3907311363621602 0.6255652414785834
8 0.7625 0.47737198700776595 0.475 0.9364161558409034
2 0.2471327860689045 0.32199159699517516 0.25694047602842474 0.22615694561520341
2 0.4485614099950512 0.18891386444504554 0.3721228199901024 0.36866381980277685
0 0.7799265174128546 0.04795722239726931 0.1192280348257091 0.07076824188232515
7 0.4484739580497433 0.39575419967239317 0.13198034034363298 0.04601370373287814
7 0.23037797602842475 0.2256932954530476 0.026133132066747146 0.08163182954530476
7 0.4029257626631561 0.3457854273512588 0.06348264586155708 0.019840941558013546
7 0.4673324214150119 0.2790030762955986 0.1356851944820761 0.02734552434972919
6 0.4789925384437537 0.17383433522405234 0.028009892582196726 0.1472295560063544
7 0.5346117746489437 0.23724799877888875 0.033270602668104846 0.15824887662320544
5 0.29041471732199753 0.20956946347211086 0.0746458751693421 0.11370003571381497
2 0.1498527515818797 0.4764006331160272 0.22177318068726612 0.09129102191409721