1 0.29232128246410877 0.5 0.5846425649282175 1
3 0.44830782426370847 0.8478942723686286 0.49591606655636583 0.3042114552627428
8 0.6734518212241114 0.6443261086605562 0.6530963575517772 0.3744311827487504
8 0.4727046631477993 0.23747277735416703 0.9329093262955986 0.47465461397888964
2 0.15930423092198126 0.49179072254892375 0.30780814041962784 0.3648314450978475
7 0.16848218221922748 0.7044180091180557 0.2033977353895034 0.020352786853472436
7 0.2931764448011292 0.6003325340036808 0.030525071427629946 0.13815461664125
7 0.3639332297041652 0.5379429431979863 0.019342109577076806 0.12383754350298623
7 0.23438605153883224 0.49822386692559045 0.07693642126547413 0.11268314437666671
7 0.20218147767557032 0.44280901510197934 0.17189436525911966 0.09458906743868063
2 0.388741909491056 0.8407412880877434 0.1585057954530476 0.22235039152687505