1 0.7260764050794759 0.6241853425309483 0.5478471898410483 0.7516293149381035
3 0.6286013037051659 0.8445446840492468 0.5797718678708328 0.3109106319015066
8 0.40400057467174005 0.5910706538123085 0.7813740626060225 0.419641307624617
8 0.5 0.20091503246410877 1 0.40183006492821755
5 0.6979167549789594 0.6680321688265469 0.10029266587924912 0.05484323295387146
7 0.8519742832019279 0.585616909491056 0.02765875244707061 0.16600682954530477
6 0.876795723127794 0.6703737390363609 0.12024306733052796 0.08954551542127547
6 0.8574306203179036 0.4959231639552829 0.16046627404661712 0.034031900972934716
6 0.8552133558899333 0.47714589041633254 0.1600297644279703 0.021531900972934715
6 0.9454365294889128 0.3492175336786295 0.1091269410221745 0.027100062499176226
6 0.9295387109772584 0.3395697982891261 0.14092257804548325 0.040145533278183
6 0.9821441277635568 0.477942551535537 0.03571174447288641 0.014962526785361164
4 0.9432552425543468 0.5350595762923034 0.11348951489130635 0.02260347727182861
2 0.6954887033423461 0.84444466436232 0.17402781015895172 0.24351599512873606