1 0.47578125 0.6828125 0.9515625 0.634375
2 0.528125 0.82578125 0.3859375 0.3484375
6 0.553125 0.6203125 0.08828125 0.096875
8 0.79609375 0.5015625 0.4078125 0.996875
4 0.61796875 0.80703125 0.0609375 0.1609375
6 0.5515625 0.89140625 0.06328125 0.19609375
8 0.40546875 0.3140625 0.37578125 0.628125
5 0.3421875 0.5640625 0.05234375 0.096875
0 0.43359375 0.55390625 0.071875 0.23984375
2 0.29296875 0.74765625 0.240625 0.29296875
3 0.15859375 0.4859375 0.3171875 0.51171875
7 0.45859375 0.68046875 0.065625 0.0171875
6 0.49375 0.67421875 0.028125 0.1421875
2 0.175 0.5546875 0.2296875 0.134375