1 0.4390625 0.34480666396097337 0.878125 0.6896133279219467
3 0.1597835196292948 0.5086799811953815 0.3195670392585896 0.6437406059642722
8 0.3814135405787379 0.6696114695168991 0.38030520942126217 0.6607770609662019
0 0.41852005014564925 0.45004809342786 0.07675168276559177 0.27700042069139796
2 0.2955612379258061 0.21502457257817748 0.24809313684308468 0.37097304420664756
2 0.4923740534443546 0.16914508590601257 0.3199393931112908 0.31842235721791357
8 0.776857735880742 0.50847905588513 0.44628452823851605 0.9830418882297399
4 0.5971237379258061 0.22379914515635493 0.08258048244902269 0.15539820533113408
7 0.4401175684880494 0.29898569860070945 0.07871603338609497 0.022585705331134066
6 0.5383063305622432 0.09541808089144768 0.05151233887551356 0.16073892319868044
6 0.4821232120615586 0.30646322947952187 0.03629651583511766 0.17434678213245364
5 0.3353809412118761 0.4319907637235465 0.055199628529814505 0.1265003155185486
2 0.16828436942512143 0.4240011043149197 0.2274216210079671 0.19708090314042082