1 0.28359375 0.5 0.5671875 1
3 0.4317665259786828 0.17722620347187543 0.49415217870781625 0.32597622663123926
8 0.6581819332829568 0.4019501834128835 0.6510567067154523 0.3895036873418249
8 0.46244326662954716 0.7735830492142117 0.9248865332590943 0.45283390157157655
2 0.14884493797741014 0.5187414995857151 0.29768987595482027 0.37185799917143036
7 0.15276827462604733 0.3064962107105857 0.20330681333545444 0.025085698923761512
7 0.27808535327818434 0.4194222038861602 0.029724957351999138 0.13880994292790536
7 0.3492149186028211 0.48683233581302965 0.01862382535009015 0.1242380206781645
7 0.21988140726450317 0.5175471807267964 0.07629087468172653 0.11443068114108108
7 0.1879950605904126 0.5707791885846791 0.1713670173456358 0.09855743217453856
2 0.37226425664386464 0.18539826840185286 0.15723288669636232 0.22595468610347988