1 0.49067278505752165 0.7027023603584794 0.9813455701150433 0.5945952792830411
3 0.17022763387865805 0.596996751470338 0.3404552677573161 0.6091314970593238
8 0.4289155898867068 0.35802332230918077 0.4562313202265864 0.7160466446183615
5 0.344098943613578 0.6430518006566839 0.05719968775644109 0.10278416327441171
6 0.5208139994313463 0.7639806970840679 0.01810269566510634 0.13815509724103806
6 0.5604349149446659 0.7673613246282592 0.03187603558899425 0.1700601944820761
6 0.584222583423735 0.7575392673013128 0.09259867688202625 0.0531869549975255
7 0.4325009159332491 0.7693885713488988 0.1547803419010542 0.04864994120271575
8 0.7957144762368228 0.48341785108622526 0.40729770760246653 0.9668357021724505
4 0.731027304754823 0.8854927696761621 0.020110864638467164 0.14917448439616762
2 0.1590554401535369 0.6691207349619946 0.2556955375661606 0.19114505766563053