1 0.30778974868458203 0.440234375 0.6155794973691641 0.88046875
3 0.522574408061917 0.15077518769824239 0.4556254576242765 0.30155037539648477
7 0.29233535828779594 0.39669910108622525 0.028138952503779003 0.13543953301668682
4 0.1943837056993123 0.4470067175491401 0.1382280420933748 0.01970606965141819
6 0.273214360989219 0.47091452905995784 0.13252407366340596 0.028753521030899166
6 0.2746025557416646 0.4871979483272632 0.10992103157003115 0.015107100859082578
8 0.4599085371140516 0.7609619176854256 0.9198170742281032 0.4780761646291486
6 0.15660444268630702 0.6008653799190405 0.15209312101845254 0.04379866689245624
6 0.18849918479379926 0.6015304432388806 0.13012711575678065 0.041089746720639655
8 0.6515360530402415 0.39423036182881743 0.6676241996611816 0.3901512822237173
5 0.413709100324701 0.31868256445149384 0.09638915258848364 0.05022572930778511
6 0.12768975838661795 0.508916897331895 0.15163809471009332 0.03598616689245624
2 0.44904590280024514 0.15326892639185294 0.11880872611071513 0.22119332654882312