1 0.3037566242738744 0.4999727243066146 0.6028257485477487 0.9999454486132292
1 0.30141287427387436 0.5 0.6028257485477487 1
3 0.4023569059102936 0.7633467998681593 0.7336774106678046 0.471271121578334
8 0.6921597289075507 0.49811531126732583 0.6156805421848984 0.5083334040634033
8 0.569921875 0.14056005029467009 0.86015625 0.28112010058934017
2 0.21098908146980344 0.5167478228539235 0.38224322745980877 0.19775435429215307
2 0.16849325061917253 0.24243880708635404 0.3339299677398991 0.43387238582729193
6 0.4238400301886771 0.3178336249062844 0.06759422249741007 0.11082970364722229
7 0.33200144065159387 0.37784636417270806 0.0369948858558109 0.05705008700597229
6 0.3476606739023708 0.3446338206697219 0.11395549214211709 0.03386846656500016
6 0.187022772745079 0.20368477840100682 0.14005141935425688 0.12500261284152786
5 0.4041783093438969 0.5505740429343053 0.09582623035529281 0.08027068787965277
2 0.3209420860179174 0.744907230813958 0.28795388006484257 0.284525696047778