1 0.32919304032287156 0.5609375 0.6583860806457431 0.878125
3 0.46497183519836627 0.8402164803707052 0.6493665690638066 0.3195670392585896
8 0.6377159381749037 0.6185864594212622 0.6824359342414532 0.3803052094212623
0 0.4110100430134679 0.5814799498543508 0.2782020827126578 0.07675168276559177
2 0.18064093538186346 0.7044387620741939 0.3612818707637269 0.24809313684308468
2 0.14659132495947336 0.5076259465556454 0.2931826499189467 0.3199393931112908
8 0.5 0.22314226411925797 1 0.44628452823851594
4 0.18776524979511222 0.4028762620741939 0.15676373035529284 0.08258048244902269
7 0.26024806369163234 0.5598824315119506 0.023951230355292806 0.07871603338609497
6 0.0695354423087329 0.4616936694377568 0.1390708846174658 0.05151233887551356
6 0.2684629780834905 0.5178767879384414 0.17489299214211718 0.03629651583511766
5 0.3914916015333045 0.664619058788124 0.12740156203449332 0.055199628529814505
2 0.38057971857297784 0.8317156305748785 0.20095899420903168 0.2274216210079672