1 0.6894476865686183 0.5851281315170939 0.5958833830827999 0.7821577601296852
3 0.5551225169626286 0.8134971881749037 0.5852912053362098 0.3421149569865321
8 0.3736035170741703 0.566508833955512 0.7472070341483406 0.441982332088976
8 0.5 0.1921875 1 0.384375
5 0.6406073948455042 0.6248113697302695 0.1012216632744117 0.05770980024766885
7 0.8021014948000756 0.5323412717161309 0.0305550384437538 0.16664384449948208
6 0.8195545884230692 0.6156974272166489 0.12177318068726599 0.09295809553293939
6 0.8154037562200364 0.44209726137704874 0.1610127431025951 0.038673009924797344
6 0.8148239020815934 0.4234200359841546 0.16035764586155707 0.02617300992479734
6 0.9224017859573628 0.28903857382582676 0.1216226944820761 0.030603644747151028
6 0.9072681088881414 0.28039131989688537 0.15352779172311415 0.0445591368892682
6 0.9500620392367232 0.4155625324694979 0.05229948439616763 0.01646406203449331
4 0.9071884644969224 0.4752307849506973 0.13231453301668666 0.026425566996892157
2 0.6227603963158422 0.8017741300693519 0.17823562188998174 0.2483391083532208