1 0.6924613146880899 0.662249346124028 0.6150773706238202 0.6755013077519442
3 0.49041393944935824 0.8600224843746009 0.4501476400381801 0.27995503125079824
8 0.3512492527450418 0.5853628038553128 0.6918271573838158 0.387876740119445
8 0.53125 0.22564623100138936 0.9375 0.44838305470833417
2 0.7640412487666772 0.7543024803357993 0.28410446936663475 0.2518586664125003
2 0.8500652766947715 0.5775419182154521 0.29986944661045706 0.29459168028020866
0 0.6083714094127691 0.5991577726045143 0.23204997867599958 0.07413240349472225
4 0.8839152073917701 0.4509255200390633 0.16620680267345414 0.05385496466513899
6 0.6931271227323152 0.499595490119445 0.11974997334499946 0.08870143692972228
6 0.9309385613661576 0.5255085991612508 0.13812287726768488 0.0439708183886113
6 0.7352424447405875 0.5614967312857297 0.12539998933799978 0.03728440729444458
5 0.5915208114258139 0.694833295305938 0.09126134667409058 0.056796820288472286
2 0.5582826921148584 0.8588587745043753 0.10261811203054413 0.22732752583555538
7 0.7340708434118145 0.5950541136945493 0.024146572008272214 0.06148301386770836