1 0.6914471935775649 0.43695122008038173 0.6171056128448702 0.8739024401607635
3 0.4614022467206397 0.12503375474965267 0.3915544934412793 0.25006750949930534
8 0.3342510057657512 0.3629844303771178 0.6468771585247132 0.37243227165458387
8 0.5496945420617984 0.750025916225069 0.9006109158764033 0.4966023491612509
2 0.6941096053816385 0.21459429644968692 0.23473128335537083 0.25047669794763905
2 0.8256285210308991 0.42000588222138824 0.34874295793820165 0.3615622811538891
0 0.9844999892574078 0.7556498286504159 0.031000021485184347 0.11722517401194459
7 0.634155830505552 0.41388708805281194 0.05054663387576941 0.13070579255305556
7 0.7895892017181653 0.20063893959208268 0.0823964201718164 0.02376611474138892
7 0.6811226837394838 0.36977275893062445 0.02202548620519007 0.06293641109416673
7 0.752653524987628 0.4361595187142703 0.032042295341158676 0.13495688145888884
6 0.8590230336940554 0.45089220630958254 0.14793953301668666 0.02373105357097245
7 0.799266253390902 0.504690659956805 0.1591226944820761 0.028673126709236208
5 0.8099703007682255 0.2611763960890966 0.11610303482570927 0.07136846656500015
2 0.5323322224103801 0.11276230556774262 0.09888231456303558 0.2192240851061112