1 0.7230882232654576 0.49333950837977725 0.5538235534690846 0.9866790167595545
3 0.6041955093093647 0.17203882139104323 0.5947339813812705 0.34407764278208647
8 0.3627216266510235 0.4331568631569153 0.725443253302047 0.44774877368616933
5 0.6581819332829568 0.3518169687919832 0.10061816534054505 0.05603470282385157
6 0.7865325579249125 0.5300519658889893 0.13764545066836362 0.016500841382795884
6 0.7915376839195037 0.56973659151581 0.16904090133672725 0.02991012351524951
6 0.782671213916322 0.5934241441022347 0.04949201734563573 0.09203438730530315
7 0.7883410532702302 0.441747983835678 0.042406770687453486 0.15430706677218975
8 0.4983127532225051 0.8016304153476286 0.9886476133831795 0.39582988717228923
4 0.9168360338956412 0.7418125168260614 0.1486011320019088 0.018381590129154725
2 0.6767335806413193 0.16696459567244507 0.18101583203372584 0.25362040815498565