1 0.6855973139322303 0.4969915366406831 0.6288053721355393 0.9939830732813661
3 0.48688490455923217 0.7856336765993213 0.5322885253819069 0.3639577907383604
8 0.3108864066478418 0.4986893019573656 0.6217728132956836 0.457236170751087
8 0.5 0.15546875 1 0.3109375
7 0.6718529872692758 0.4639933919080497 0.021657918682362977 0.11586135733609079
6 0.6758143286123661 0.3920820292409588 0.1251090880012727 0.010829506683635515
4 0.8254165286441829 0.155997983887687 0.18462953866963616 0.024020397358362457
6 0.694246702617775 0.35202919390518617 0.13768181333545434 0.017224957351999137
6 0.6765324912874112 0.3303632792409588 0.04629429201145392 0.08490225867281787
2 0.7420916672501856 0.6037820505649593 0.3185158320337257 0.2521101293761799
6 0.9783869873090467 0.1674974632002334 0.0382454346753633 0.06449885200509069
5 0.5586342772517765 0.594199607256549 0.09286020934118148 0.05888519867918127
2 0.5612309238940504 0.7738325632559127 0.1466226507001803 0.24854768268618094