1 0.50703125 0.2785560927354968 0.9859375 0.5567849214671756
3 0.25491824064564084 0.3535811753659985 0.42955212060714726 0.5766021467218156
8 0.4603948968046014 0.7011208887253154 0.4401421107213155 0.5298725973901792
8 0.8183964908741961 0.6492889527768585 0.3632070182516077 0.6668635200509068
2 0.7044924763111848 0.29087592142740476 0.33398236364988404 0.14756808004454341
2 0.48387888737588014 0.26175894406426975 0.1168187213682689 0.26061133068109027
0 0.5558360949039848 0.45625437873963304 0.07001270555093804 0.18510225334181776
7 0.5516619535737719 0.18133619474058751 0.04317167984777566 0.0629727146721816
7 0.5765014219762913 0.42682141740926927 0.10222834486680377 0.055851105346908445
7 0.7197129111018764 0.3769497814289956 0.10656301779449713 0.08557496801399936
7 0.6645479086304185 0.36459468475490503 0.04211851581733086 0.07545453333863614
7 0.582149244105682 0.37378732407699644 0.04177100593149916 0.028597714672181595
5 0.43141441505620914 0.3923362347230883 0.0701161818249421 0.0726567973424542
2 0.2671198103035736 0.28891014803468024 0.2443070514063251 0.24647720003181667
6 0.6021407505314726 0.4044742500795418 0.04093801779449713 0.08481135200509068
6 0.7392003987445868 0.3186105700986318 0.08082818874502422 0.10557838534372674