1 0.6799035850945223 0.5095807971501809 0.6401928298109553 0.9808384056996381
3 0.473005187062871 0.2334465015818797 0.48043395120622295 0.4219324694697041
8 0.2851852727861616 0.4970165993887446 0.5703705455723233 0.47684569877748917
8 0.4206018288480064 0.853125 0.8412036576960128 0.29375
6 0.7328235311343838 0.708141043643678 0.1283977107723885 0.05358974672063965
7 0.6164541634515495 0.5613745070089466 0.03844539734428025 0.16446529172311414
6 0.8509281156397309 0.8253019674335391 0.07727154800821019 0.12588747060135788
6 0.6837360704601911 0.8173212918346557 0.11281816256778665 0.06058337516934209
6 0.6509281156397309 0.8148204115769309 0.10966589149054791 0.055732100859082576
4 0.6902956635497454 0.6301078968776098 0.12512726502711474 0.02842597241038014
6 0.6088865822658519 0.6531935148108627 0.10790340359079628 0.02127521370395282
6 0.6048667027773568 0.6725200469230384 0.10630454215447767 0.014943326548823067
5 0.5287728771508041 0.45362288274411566 0.0878636143631848 0.06708568068726599
2 0.5432313286516146 0.25197517356271854 0.14217036104353512 0.2729948439616777