1 0.7234375 0.5117098631835545 0.553125 0.976580273632891
3 0.6300569872212428 0.768494288216611 0.589221788782438 0.4204319244672298
8 0.3571329850735363 0.4815044640426372 0.6901092593837957 0.5020714280852744
8 0.5038354081860289 0.1588526153312611 0.9764208163720578 0.31606748755992714
5 0.6580204556748941 0.57362552351729 0.10623671189493056 0.06477955223856355
6 0.7366013998182859 0.37829309135968586 0.13584896879233543 0.03516729534115868
6 0.8110204664174864 0.2224768605815627 0.13666119629109835 0.08039790818602892
6 0.7677208457707 0.22877777023792967 0.12218926051544976 0.07184842378986112
6 0.9774566146538927 0.17531633480096517 0.04508677069221463 0.06355788896415207
7 0.7591967740831169 0.467516043643678 0.06419305404758582 0.15451043758467103
2 0.7013587771353347 0.7613235973525796 0.2042182677515388 0.2693652329258299