1 0.3171875 0.5 0.634375 1
3 0.5209261765773957 0.21471176873804215 0.48736236815986145 0.40243848806490606
8 0.7028430981207983 0.4903401194302683 0.5822761310776393 0.4535293680776327
8 0.5574870452154159 0.8540249760104995 0.8521496071419448 0.291950047979001
6 0.2476977371791314 0.6725948047024074 0.1292160277354167 0.0483658693507266
7 0.3681583203853815 0.5333334047183158 0.04128222948277793 0.16293635200509052
6 0.12636563820531185 0.7821505233529537 0.07939917211208343 0.12276588534372675
6 0.29353495440972155 0.7848771760423163 0.1137728656913195 0.05599655601527207
6 0.32636563820531184 0.7844777340467706 0.11053876291777787 0.051272693348181166
4 0.2924303153513884 0.5973135413749071 0.1255091462765278 0.023329506683635516
6 0.3730438825057287 0.6256027207192704 0.10817617591180557 0.016879512014635622
6 0.37649553761597165 0.6451794240531339 0.10646820554708336 0.01061133068109026
5 0.45883983140329826 0.43123565006363346 0.08895470364722229 0.06351815467854482
2 0.45026818446118033 0.22873735872849715 0.14680749050069472 0.26726132001909003