1 0.3233180721665717 0.3421875 0.6466361443331434 0.684375
3 0.5254522806460784 0.13779883920415142 0.4583350593149905 0.27559767840830285
8 0.6606821499617251 0.399766776872206 0.6786357000765497 0.3958830290255765
8 0.5008063325838761 0.7703496393007432 0.9548810899610688 0.4593007213985135
2 0.25525913885875495 0.2547420305852211 0.291182051406325 0.25357146641955397
2 0.1703615099230128 0.43686753902274156 0.316402227299768 0.29813992195451694
0 0.41534108748961096 0.40093000590563177 0.23405134783255316 0.07682542794496658
4 0.1443003701128557 0.5653025630693587 0.16766234387822054 0.05578375244707079
6 0.3335419422422464 0.5054935095338289 0.12225168479069151 0.09008434137714509
6 0.0920892712917193 0.4935838196927806 0.14540534190105417 0.0456448606144388
6 0.28965267939066514 0.44600194764559653 0.12640067391627657 0.03874009618646852
5 0.4293943172236558 0.30420877332882695 0.09285334486680377 0.057852194735189676
2 0.4578336991251476 0.13813734002638267 0.1091680474519924 0.22849207694917478
7 0.28984633897248574 0.4123536339432657 0.025920512851581277 0.061755955534962756