1 0.7169146152541261 0.49454486132291653 0.5661707694917478 0.9890897226458331
3 0.6496080310485572 0.7561278330188188 0.6565576010806098 0.4711607123840283
8 0.308084057352986 0.5427082979682984 0.616168114705972 0.5192709040634031
8 0.3984375 0.14921875 0.796875 0.2984375
7 0.6915178003706689 0.4054368487863883 0.09537204210278442 0.1380468202884723
6 0.6432291225105203 0.3128869792953467 0.10676092068857237 0.06181162860909728
6 0.652140331040708 0.3259500237482633 0.11569941106992569 0.04952983415618064
6 0.6788268605296207 0.16530281126732582 0.10483632213985139 0.09611389342673622
6 0.642398287208643 0.1802017658644786 0.08726687622353531 0.08477634992375008
6 0.8395585186043215 0.07803593455808958 0.12098711179556502 0.06682643692972232
4 0.7441467817663474 0.30663501966420076 0.12578373920022692 0.07006053970326401
5 0.6232439716073956 0.5498784862292009 0.0837599303072194 0.07376611474138883
2 0.7195485088160386 0.7427907252112841 0.272321466419554 0.2873597553183336