1 0.6922056936517764 0.4346422898854102 0.6155886126964472 0.8692845797708204
3 0.475374643299409 0.16218748211981832 0.452307478493266 0.2971504139609734
7 0.7028426335794993 0.39339070335257703 0.026571116211103883 0.13496603338609478
4 0.8002655971855692 0.4359298928485934 0.13808219685684692 0.016500841382795884
6 0.7211067901134746 0.46639629433966157 0.1322688444994821 0.025693984956305194
6 0.7195271734880861 0.48287074049959555 0.10981164764263518 0.012557487463587692
8 0.5367552531003719 0.7707070242814018 0.9264894937992562 0.4558581050398356
6 0.8362673713783902 0.5874325568760739 0.15167381596343468 0.04030205423577744
6 0.8043452832890491 0.5907083210618389 0.12972604135632865 0.038103056743059936
6 0.9973203217521484 0.5846615948810222 0.005359356495703338 0.08215928213245363
8 0.3434505169541108 0.42027642992910497 0.6634676104201355 0.37507214014179
5 0.5823075016526299 0.3249255113492781 0.09586046360606985 0.04804034639736088
6 0.8662758949520388 0.4926823465303748 0.15130994292790553 0.03248955423577726
2 0.5488849179065148 0.16161316910855233 0.11629289578060842 0.21871655925034234