3 0.800938768641352 0.3664360445576414 0.39710434250037885 0.581144196053452
8 0.5484985281093218 0.6545103985916854 0.525802035122395 0.6810725654041786
8 0.14051818828081447 0.50539492998091 0.28103637656162894 0.9438976400381801
7 0.4664779311109427 0.25080469060313926 0.18472043364502538 0.061520397358362455
5 0.5878120547457055 0.3423552965865946 0.07396474082661797 0.09147952267663592
6 0.36010066608382807 0.2739160212842295 0.011773813035324831 0.1438772693348181
6 0.341327940186129 0.27804044728677485 0.02260222872636941 0.12525453866963615
6 0.18238473224241086 0.20567619330841022 0.07261131908544902 0.12739884134309049
6 0.1845148588040398 0.2423676713080921 0.06319086729005097 0.11947725334181776
6 0.14590739763886784 0.03143581132638668 0.08787270472226431 0.06287162265277337
4 0.3872676749626226 0.16970068861395698 0.02897949375348414 0.14720226400381797
2 0.821651244440855 0.2974496872215506 0.31679765632127077 0.20523512937617977