1 0.3095904337349917 0.4999727243066146 0.6144933674699834 0.9999454486132292
1 0.3072466837349917 0.5 0.6144933674699834 1
3 0.37969301820408996 0.2276161803286632 0.738982531146508 0.4552323606573264
8 0.6928994025178964 0.4699903112673258 0.6142011949642072 0.5083334040634033
8 0.5907620799228535 0.8445928806058676 0.8184758401542931 0.3043044399669451
2 0.21461186270242175 0.47456032285392347 0.3844491366622937 0.19775435429215307
2 0.2009412887566672 0.750251307086354 0.3389069364364148 0.43387238582729193
6 0.44777151514973107 0.6631461249062844 0.06887036831702957 0.11082970364722229
7 0.34987307046787264 0.607533864172708 0.037651189420186526 0.05705008700597229
6 0.36897168096298144 0.639946320669722 0.11432010523343691 0.03386846656499998
6 0.22348341766762747 0.7880597784010067 0.14156441567207612 0.12656511284152785
5 0.40378848379146143 0.4318240429343053 0.09673776308359247 0.08027068787965277
2 0.30040733660582397 0.2417822308139581 0.29119893657758916 0.284525696047778