1 0.275606071521336 0.50703125 0.5510485165792388 0.9859375
3 0.35218116529826116 0.25696289929526495 0.5742384933607007 0.43288550620074384
8 0.6986072342855143 0.4644523374656595 0.5274362162333375 0.4432022679875681
8 0.6445661915418615 0.8189052424517034 0.6646907765381878 0.36218951509659336
2 0.28684407425181047 0.7061409538861602 0.14565897540671974 0.3348202638537391
2 0.25900437880112415 0.4853725355653607 0.259993144417414 0.11833058477957223
0 0.4531270835233885 0.5584590868464869 0.18473861436318478 0.07108740363849116
7 0.17816799013924678 0.5526820059958559 0.06273634933607006 0.04353598428423418
7 0.4235668485505032 0.5789513693114756 0.05526928298109546 0.10254711124870504
7 0.3728497519449076 0.7218623072769823 0.08497496369925477 0.10705482878371626
7 0.36081283937712094 0.6666289977236884 0.07522725897699045 0.04255568114108108
7 0.3704873003459012 0.5842895326698765 0.02836134933607006 0.04193494292790554
5 0.3899180355151783 0.43367310256225267 0.07226588544042353 0.07053513192686936
2 0.2874237737095175 0.2687865031003719 0.24511355386194272 0.24572783870851378
6 0.4010651346548566 0.6044586375084406 0.08459316861791084 0.04142982878371626
6 0.31438326697202224 0.7410082595105127 0.1051329275949012 0.08143839867609248