1 0.4390625 0.66796875 0.878125 0.6640625
3 0.1640625 0.49609375 0.321875 0.63359375
8 0.40078125 0.334375 0.3609375 0.66484375
0 0.43125 0.5625 0.06796875 0.275
2 0.3015625 0.79375 0.2375 0.3640625
2 0.496875 0.8453125 0.3109375 0.30859375
8 0.79140625 0.5 0.4171875 1
4 0.603125 0.79375 0.07734375 0.153125
7 0.4484375 0.7140625 0.078125 0.0203125
6 0.540625 0.9203125 0.04765625 0.159375
6 0.490625 0.7078125 0.03046875 0.1734375
5 0.34765625 0.578125 0.0515625 0.12578125
2 0.18046875 0.58125 0.22109375 0.190625