1 0.5284737581681251 0.6833761976632986 0.9430524836637497 0.6332476046734028
2 0.4910952719389243 0.8290270575128647 0.39404747283326425 0.3419458849742707
6 0.4613129336986811 0.6307136310776393 0.08975479065319458 0.09891158510611113
8 0.21558024676895876 0.5015625 0.4310150231731952 0.996875
4 0.4008151108447576 0.8159231260436461 0.06468336189159736 0.16235583605604162
6 0.46918521076850767 0.9013394484226044 0.06708231648875014 0.19732110315479118
8 0.6018411358272919 0.32790036844420184 0.38961977165458384 0.6368532218833336
5 0.6709412004161811 0.5793732558870145 0.055379790653194406 0.09811149810013901
0 0.5792985610735075 0.5670895018029519 0.07747560904180588 0.24229790919430555
2 0.7244331423798964 0.764112585009202 0.24746210714194455 0.2993506090418057
3 0.844079267951771 0.5055214478507299 0.3118414640964581 0.5198826210096531
7 0.5572443359591326 0.693070120344063 0.06602504350298624 0.018714938829583437
6 0.5219426155944102 0.6860018495425004 0.03143445079743081 0.14284211664125
2 0.8379104948690976 0.573889588143334 0.23281511284152784 0.13972103590354196