1 0.49554497008038173 0.6680819884225727 0.9910899401607635 0.6636904739406428
3 0.19704703980017318 0.48637833995136803 0.37010474581902825 0.5447903850272413
8 0.49034636417270805 0.30615041553001393 0.46447430128986156 0.6123008310600279
8 0.8328936208222218 0.4839531991331585 0.33421275835555625 0.967906398266317
7 0.5123596492232286 0.6527459327982201 0.11609777868534721 0.025697820925833524
6 0.5841619140408675 0.6525233008713508 0.012284407294444577 0.12543664764263518
4 0.815118360469895 0.7884821098054722 0.026166375759305537 0.1853938444994819
6 0.6235874367422911 0.6686362983901514 0.018825348023889 0.13822774607105864
6 0.6458806640408674 0.6496487038906694 0.08542966014423606 0.04924232878371626
2 0.370061740028923 0.7311706474377473 0.2557837534184725 0.32719616252983136
6 0.7982730865342006 0.942225693965872 0.06493532218833345 0.04048375889134022
5 0.38605368199263845 0.5470310878844534 0.05995818787965277 0.09488016046291677
2 0.20625707921909675 0.560087667701627 0.2502208183886112 0.1552483879227255