1 0.6738102147620483 0.4857815279123655 0.6523068352935425 0.9340884412707664
3 0.4678200135833679 0.19619668134596893 0.44128484232430587 0.3171063407754284
8 0.3024960260261805 0.4095399356891951 0.604992052052361 0.3752570967712844
8 0.45367302061413123 0.7826498341603998 0.9007715579393754 0.4347003316792005
2 0.6742492386977428 0.3325109786981538 0.25832556553881963 0.23522698635114897
2 0.7968106504574995 0.5439108591772812 0.39066789969500026 0.3553297787409351
0 0.5165977800165275 0.45265004259467395 0.19676720364722228 0.0715968258882322
7 0.7742674224933331 0.3363873035529287 0.08786367591180558 0.01970037799792799
7 0.6207943175355899 0.4786196912707664 0.010793336056041625 0.06137414764263518
7 0.5661061643252079 0.5097027173256142 0.023076436929722277 0.11969606989237605
7 0.6794231287060065 0.5470465136443419 0.05439917211208343 0.1242765620344933
6 0.7820026148382981 0.5752871377133285 0.15650457313826394 0.018214960710585613
7 0.7099087560808328 0.6149446430900121 0.16024782218833344 0.04492300992479734
5 0.5248298137358678 0.36778489102309736 0.07932513050895836 0.055201230355292896
2 0.5292114552627429 0.2131337783266503 0.12057099240055572 0.21788532092583343