1 0.5284737581681251 0.6675592922280904 0.9430524836637497 0.6620626409332129
2 0.4910952719389243 0.8120510897999503 0.39404747283326425 0.35966713433580216
6 0.4613129336986811 0.6073097655059132 0.08975479065319458 0.09942098997087019
8 0.21558024676895876 0.5 0.4310150231731952 1
4 0.4008151108447576 0.7959152759307544 0.06468336189159736 0.16271060015828454
6 0.46918521076850767 0.8783580513992906 0.06708231648875014 0.19869356426490725
8 0.6018411358272919 0.3081408001123958 0.38961977165458384 0.6162816002247916
5 0.6709412004161811 0.5449221111118512 0.055379790653194406 0.09842077962517112
0 0.5792985610735075 0.5374255113492781 0.07747560904180588 0.2427163489046432
2 0.7244331423798964 0.7270837417532368 0.24746210714194455 0.3007514724198927
3 0.844079267951771 0.4614550785836862 0.3118414640964581 0.5217292136444044
7 0.5572443359591326 0.664715437055241 0.06602504350298624 0.019096992478152684
6 0.5219426155944102 0.6594883794542513 0.03143445079743081 0.1430058539192082
2 0.8379104948690976 0.5306824517032244 0.23281511284152784 0.14105822367353404