1 0.7198264858807419 0.5081845553496284 0.560347028238516 0.9836308893007433
3 0.6699247404330886 0.25175108310926053 0.6539005191338229 0.4786211179556509
8 0.3104056452561154 0.4609400223173366 0.6208112905122308 0.5265675446346731
8 0.3882308080632081 0.85078125 0.7764616161264162 0.2984375
7 0.6894282805496079 0.6027877934535468 0.09458037727617316 0.1391021947351895
6 0.6351379341522471 0.6947371912766286 0.10641513605166182 0.0630307680561673
6 0.6448993790585399 0.6817833234906138 0.11542642319868043 0.05085815027015243
6 0.6613330581297151 0.8426761834720804 0.10429034639736087 0.09729664065150559
6 0.6258047350893192 0.8273587183184705 0.08678459765100204 0.08575893992586643
6 0.8167132284254016 0.9317808674074968 0.12061402837152997 0.0682093413771451
4 0.7358055238856904 0.7021628000769689 0.1253924565847754 0.07149803248413758
5 0.6303069963055833 0.45760921350914713 0.08334134890464337 0.07471231252120454
2 0.7391150096334185 0.26589791786298367 0.27068353919208266 0.2904167019915837