0 0.5015625 0.53515625 0.903125 0.0375
0 0.5015625 0.0671875 0.8921875 0.0484375
0 0.50234375 0.6203125 0.909375 0.0390625
0 0.50234375 0.5765625 0.90625 0.04375
0 0.50390625 0.7015625 0.903125 0.04375
0 0.50390625 0.865625 0.896875 0.04375
0 0.5046875 0.2015625 0.89375 0.0453125
0 0.50625 0.91015625 0.896875 0.0390625
0 0.50625 0.24765625 0.9015625 0.04375
0 0.50625 0.4953125 0.896875 0.0359375
0 0.50625 0.7453125 0.9 0.0390625
0 0.50703125 0.66015625 0.8921875 0.0390625
0 0.50703125 0.78515625 0.896875 0.0390625
0 0.509375 0.41484375 0.8875 0.0375
0 0.509375 0.4546875 0.89375 0.0375
0 0.509375 0.3734375 0.8890625 0.040625
0 0.509375 0.8265625 0.8890625 0.04375
0 0.5109375 0.15859375 0.88125 0.05
0 0.5109375 0.33046875 0.8875 0.0359375
0 0.51171875 0.11328125 0.878125 0.0375
0 0.52734375 0.290625 0.8609375 0.0375