0 0.9996703265625 0.8497723828125 0.9355176421875001 0.5738722578125001 0.8704014375 0.4317836953125 0.8584787531250001 0.437301696875 0.8731528265625 0.6124982765625 0.9584458828125 0.9987584500000001 0.9987995843749999 0.9973789500000001 0.9996703265625 0.8497723828125
0 0.8857767765625001 1 0.9593070578124999 0.9959994468750001 0.8704014375 0.6097392734375 0.801616715625 0.4469582015625 0.78969403125 0.44833770156249997 0.806202365625 0.6290522843749999 0.883212615625 1 0.8857767765625001 1
0 0.884084603125 1 0.797948196875 0.604221271875 0.7346662546875 0.4524762046875 0.7264120890625 0.4552352046875 0.7365005140625 0.6566422953125 0.807721865625 1 0.884084603125 1
0 0.8097794921875 0.9987584500000001 0.727329215625 0.6290522843749999 0.6704671796875 0.47730721562499995 0.6649644015625 0.48282521562499997 0.6640472734375 0.671816803125 0.7264120890625 0.9987584500000001 0.8097794921875 0.9987584500000001
0 0.688675903125 1 0.7263009140625 0.9959994468750001 0.6594616249999999 0.6566422953125 0.5998482 0.49386122187500003 0.5925111640625 0.49386122187500003 0.597096809375 0.6856118078125 0.64776683125 1 0.688675903125 1
0 0.6483264156249999 1 0.5943454203125 0.6883708093750001 0.5347319953125 0.5297282375 0.5283120890624999 0.5311077375 0.522809309375 0.717340321875 0.5677486640625 0.9946199468750001 0.6483264156249999 1
0 0.4942716921875 1 0.567599875 0.9987584500000001 0.523726440625 0.7118223203125 0.46503014374999996 0.5366257421875 0.45494171874999995 0.5380052421875 0.4540245890625 0.7490688359375001 0.486106490625 1 0.4942716921875 1
0 0.48320394999999994 1 0.446687553125 0.7256173265625 0.39532829375 0.561456753125 0.386156996875 0.5655952546874999 0.3788199609375 0.7807973515625 0.407250978125 0.9987584500000001 0.48320394999999994 1
0 0.329698321875 1 0.40706414375 0.9973789500000001 0.3769857015625 0.7559663390625 0.3247093125 0.5918057671875 0.3155380171875 0.5931852671875 0.3072838484375 0.7821768515625 0.32561483125 1 0.329698321875 1
0 0.2773403921875 1 0.325420259375 0.9973789500000001 0.3026982015625 0.7752793484375 0.2504218125 0.602841771875 0.2394162578125 0.604221271875 0.23116209062499998 0.8125258656250001 0.249357409375 1 0.2773403921875 1
0 0.17657038281249998 1 0.246528415625 0.9987584500000001 0.22749357187500002 0.7932128578125 0.1834713515625 0.619395778125 0.16971440625 0.619395778125 0.15412320156249998 0.8180438671875001 0.16878615937500002 1 0.17657038281249998 1
0 0.1667192234375 1 0.1522889421875 0.8194233671875001 0.1110181109375 0.645606290625 0.09359264687499999 0.645606290625 0.0752500546875 0.8318388750000001 0.0844213515625 0.9973789500000001 0.1667192234375 1